baseMean	log2FoldChange	lfcSE	stat	pvalue	padj
ABCG2	1699.27564265171	-1.42474401669691	0.249025809771533	-5.72127049001081	1.05730412703998e-08	1.97797202843172e-06
ACAP3	832.688150185874	-0.693533464225217	0.181222444151176	-3.82697335020308	0.000129728553738119	0.00480702711757109
ACAT1	1400.4053033798	-0.714757966033732	0.202525522844381	-3.52922414911106	0.000416779957021268	0.0114102310184885
ACP5	1889.66368380792	-0.712539067802563	0.238294423867578	-2.99016257383566	0.00278829001572439	0.0450223156785101
ADAMTS4	68.3649641865442	-1.46772861383838	0.3896473663033	-3.76681261255056	0.000165345009462631	0.00577204396669547
ADCY6	497.641541618582	-1.02655100436388	0.201498448908892	-5.09458514406746	3.49505735004185e-07	3.89312037036723e-05
AHSG	44826.7691234048	-1.14426973086716	0.215846904737537	-5.30130247759893	1.14979403634325e-07	1.49801737306434e-05
AKIRIN2	176.285472965463	-0.452216304886816	0.126714322023231	-3.56878605090834	0.00035863914170009	0.0103594282141135
AKT1	991.251598435551	-0.351037337678214	0.111894158720871	-3.13722665857747	0.00170554221980117	0.0324500020604313
AMBP	49821.1679162877	-0.442580599790433	0.0999009643882944	-4.43019346710422	9.41485860008878e-06	0.000633095007799519
ANXA5	1549.92210993673	-0.563766836767353	0.155543022850647	-3.62450739631493	0.000289512735336093	0.00885654053254565
AP2A2	1112.56145326587	-0.298583787360006	0.0969136309288945	-3.08092664053704	0.00206357483712427	0.036901573557987
APCDD1	65.071322624084	-2.19182895961778	0.693348020599741	-3.16122480269268	0.00157107196131446	0.0305260746464721
APOA1	117677.182343279	-0.444132735705531	0.144576519930751	-3.07195619259795	0.00212660932630577	0.0377053259896158
ARHGAP22	12.9686332683093	-1.93099916933732	0.492464605215638	-3.92109229554027	8.81484900155556e-05	0.0036541555860994
ARHGEF1	371.423630489803	-0.459515514913651	0.156233285591038	-2.94121392362249	0.00326928667628846	0.049626659057141
ARMCX2	19.4901906637678	-1.63395576884464	0.33726855301797	-4.84467275179842	1.26820532354646e-06	0.000114232420254259
ARRDC1	371.077563573255	-0.772884581955163	0.18274727436311	-4.22925367641588	2.3446784329529e-05	0.00124412900704177
ASAP2	80.1237463650418	-0.87535963694235	0.289280978898118	-3.02598408051794	0.00247825350482091	0.0422461158204986
ATG16L2	45.4006153671916	-1.29612605328001	0.419098993048236	-3.09264893206467	0.00198378663718091	0.0358517847575291
ATG9A	1984.23895981645	-0.46288979983228	0.154892141317162	-2.9884653662606	0.00280382275753173	0.0451084693251411
ATPSCKMT	318.684628363168	-0.697820072491854	0.22658757916265	-3.07969251920443	0.00207214400093681	0.0369967915817431
AZGP1	57032.588503924	-0.526490484692646	0.128668112777114	-4.09184896964071	4.27947343734408e-05	0.00202747001291314
BAAT	4247.85312238755	-0.865923214973553	0.264183883103087	-3.27772915138681	0.00104645753329431	0.0229051880516629
BMF	97.1936821229477	-1.18212335536386	0.282423291799276	-4.18564399498614	2.84358732791486e-05	0.00146620587593405
BMP1	1298.94114469775	-0.919316365982506	0.15101001233104	-6.08778419252895	1.1448404255094e-09	3.03736572527875e-07
BRF1	367.018669893558	-0.356912927957036	0.115414834816914	-3.0924354613791	0.00198521395861318	0.0358517847575291
BTG2	752.165006929493	-1.32026839655723	0.39288277644757	-3.36046392385801	0.00077811692068595	0.0183133582365313
C1QA	595.132390285636	-1.2294226522633	0.30571490827542	-4.02146777597023	5.78366210578804e-05	0.00258880973765825
C1QB	561.227747640771	-1.33033538119129	0.312636412695639	-4.25521573037754	2.0884755198708e-05	0.00115874656980816
C1QC	694.4525842506	-1.18204468479236	0.302221145979072	-3.9111911939948	9.18420302798392e-05	0.00378404101644832
C1QTNF6	161.264599733899	-3.65564120129688	0.636644075781632	-5.74204856427621	9.35379855306268e-09	1.77260556475702e-06
C1R	21030.4252799004	-0.454654421049426	0.126462675322795	-3.59516687345831	0.000324183712190675	0.00962583595368349
C3H11orf52	115.622580400228	-0.793885163505909	0.248035919576263	-3.20068627504499	0.00137100718607899	0.0275941198058822
C3H15orf62	61.1237859539195	-0.79042141020779	0.23248326963917	-3.3999066317098	0.000674088668274057	0.0163602601353612
C4BPB	1989.42723046354	-1.31646567044253	0.253307717948849	-5.19710051119867	2.02420929169772e-07	2.44109603177299e-05
C5H1orf162	20.2162196270518	-1.77762070974377	0.440319221661112	-4.03711812315997	5.41118266122224e-05	0.00245217321094891
CARD9	48.4106300895161	-1.21389869809861	0.4049607999351	-2.99757087178104	0.00272140574151156	0.0444200385167332
CCDC137	433.61856147856	-0.509505334798655	0.16639656857207	-3.06199424165396	0.00219867682238065	0.0387945492045689
CCDC154	10.6440162150284	-2.38449436169048	0.66769389678393	-3.57123881643344	0.000355296743224058	0.0103276694763455
CCNE1	157.651462359434	-0.882742601850213	0.214821834976796	-4.1091847201918	3.97058387647863e-05	0.00193775116807947
CD14	79.6472709608437	-1.35435190447959	0.3401455824408	-3.98168306276712	6.84289872923997e-05	0.00297177316241279
CD163	108.014547610887	-1.38284673686458	0.353613206329974	-3.91061960387921	9.2059660145227e-05	0.00378404101644832
CD4	149.323154355004	-0.995234364889616	0.315199599844019	-3.1574734402649	0.0015914273330646	0.0307985512520938
CD68	106.879637433219	-1.01050374977294	0.314524077568412	-3.21280252241785	0.00131446634661088	0.0269770645987988
CDCA7	42.523252619008	-1.66704911161377	0.499120827885449	-3.33997104203467	0.000837871260655066	0.0193759388834845
CDK4	377.971062677112	-0.389825090523343	0.117423447576373	-3.31982324288169	0.000900744593809536	0.0204729986181756
CDK7	171.539485457386	-0.696245339629778	0.231868633741624	-3.00275776155916	0.00267545296933122	0.0440634421314686
CDKN2AIP	272.782663021453	-0.625344817562449	0.200309461691434	-3.12189355551142	0.00179691895700855	0.0338330857040887
CETN2	82.4766186366066	-0.837050093584483	0.264373232511756	-3.16616809361462	0.00154461506700143	0.0301727216301002
CFP	256.177799575564	-1.56093379861884	0.425402032745227	-3.66931438607789	0.000243201844465452	0.00774847448567659
CHERP	384.0540387698	-0.489499089000245	0.117681850388498	-4.15951217102963	3.18928026938789e-05	0.00161031064674422
CHIC2	128.317537317297	-0.692107074891729	0.19903567045811	-3.47730169822697	0.000506487552054508	0.0132687008250976
CHRD	737.459845682828	-1.07215242198618	0.32464608039527	-3.30252692618618	0.000958178881584581	0.0215767688890157
CHRNB3	79.1054420952042	-1.07674820284133	0.291210498742232	-3.69749101592118	0.000217740923032449	0.00710799899080426
CIB2	156.496094620156	-0.744041145353102	0.241185965828971	-3.08492719630591	0.00203601984561909	0.0365431753841005
CIC	492.924413605936	-0.483912442891144	0.161273074646503	-3.00057801931189	0.00269467711516537	0.0442302907362127
CLCN7	933.82556068929	-0.561568530385325	0.173947257038333	-3.22838393629611	0.00124491765244421	0.0260932610091376
COL6A1	371.920330291295	-1.35535115430923	0.453285353945664	-2.99006165213911	0.00278921144280243	0.0450223156785101
COL6A2	394.453872091427	-1.44966827469797	0.398159109708514	-3.64092705491342	0.000271658102386963	0.00845210027725068
COQ8A	110.317320090544	-1.44034755658469	0.255845833150015	-5.62974795739646	1.8047315024177e-08	2.99257296400898e-06
CORO1B	556.509004333709	-0.658076357821093	0.199852861227918	-3.29280428500147	0.000991934973578017	0.0221319803279058
CP	13427.928583832	-1.32046994369821	0.335504437958805	-3.93577489386398	8.29286783985402e-05	0.00350752253678695
CPNE2	38.7304574888587	-1.61502487227651	0.461526589936192	-3.49931056518281	0.000466462926626161	0.0124123840951903
CREB3L1	165.84119654389	-2.0650291760909	0.619739313777883	-3.33209323691705	0.000861953731550606	0.0198072895287975
CREM	1049.13809884812	-0.616580401430202	0.191532997863966	-3.21918629325753	0.0012855493731972	0.0266081368137496
CROCC2	19.4771253672955	-1.88003629535319	0.603134885916226	-3.11710753142262	0.00182634942493957	0.0342546154353704
CSAD	1043.7109535265	-0.898491433202787	0.296270830104355	-3.03266924012166	0.00242401130335281	0.0415825364003411
CSF1	226.289618240048	-0.787928597062883	0.259824938048224	-3.03253645697643	0.00242507802060651	0.0415825364003411
CSF1R	348.128293506236	-1.37972996719043	0.366505198547173	-3.76455769975347	0.00016684414056081	0.0057991874841638
CSF2RA	37.4582008438417	-1.10577663309314	0.305927241166528	-3.61450856379025	0.000300917870007482	0.00914790324822745
CSNK1G2	584.963436124865	-0.578943860016873	0.157641933005834	-3.67252449255014	0.000240166124481132	0.00769419330955637
CTDSP1	1350.70037099393	-0.560598925438057	0.109963869446068	-5.09802836388004	3.43209402625777e-07	3.85239354085796e-05
CUL7	67.6124985460783	-0.982725780399107	0.300809820891639	-3.26693383043872	0.00108719088331945	0.0235375213195807
CYTH4	42.9823562835788	-1.09011642449285	0.293771218603275	-3.7107665947528	0.00020663255832578	0.00682167939160584
DAG1	523.510791134442	-0.538529223418325	0.175686432573869	-3.06528634868771	0.00217461684958807	0.0384164758706889
DBP	243.106675815407	-0.933587807151259	0.307050444655039	-3.04050302939673	0.0023618331561913	0.0408824073726494
DCLK2	197.307016749602	-1.15658827240137	0.362774374933547	-3.18817521941354	0.00143173748670328	0.028540865308708
DDR2	443.948382321966	-2.03359369937639	0.323496182405201	-6.2862989116489	3.25123670693237e-10	9.30236196618768e-08
DENND1C	51.8239849025582	-0.875116544482658	0.28667607217494	-3.052631975328	0.00226843956400248	0.039880807370993
DGAT2	5522.96613768703	-0.966862248987739	0.208202887765172	-4.64384648726987	3.41981705362305e-06	0.00026403158966385
DGKD	1559.80249403285	-1.00420838535488	0.264862797057563	-3.79142860571935	0.000149783207808107	0.00535176276428964
DHX32	486.422273774814	-0.588395686002049	0.141806752772174	-4.14927832772084	3.33525088194576e-05	0.00166671167360796
DHX37	212.686875250392	-0.466802255825236	0.140301839256522	-3.32712855582565	0.000877458831339414	0.0201002814237123
DNMT3A	273.555216850916	-0.697798256647064	0.232137364186985	-3.00597130966384	0.00264733975002215	0.0437278261315886
DNMT3B	255.182737301929	-2.67855484394326	0.380007809095732	-7.04868368446733	1.80618209938574e-12	7.53023119835336e-10
DOCK9	266.161727523661	-0.825093832606243	0.256005484795489	-3.22295373189123	0.0012687604586376	0.026392137375841
DOT1L	320.876610320049	-0.682342250354037	0.191220375190509	-3.56835535791744	0.000359229075955415	0.0103594282141135
DSTN	243.717705804102	-1.04865747111129	0.262421539935438	-3.99608001450373	6.43999750924211e-05	0.00284764980772306
DTX3	40.0261939781597	-1.1518974544731	0.327939234625206	-3.51253321606845	0.000443856519537319	0.0120385768273021
DVL2	92.5707850986776	-0.574943930038209	0.189456903173765	-3.0346950699964	0.00240778990832857	0.0414321584225595
DVL3	488.616993627005	-0.33926646376429	0.114928913953249	-2.95196789123318	0.0031575576285805	0.0485000851749966
E2F3	29.6298679448864	-1.40093058907209	0.372991870852546	-3.75592793985023	0.000172700384016401	0.00597166825489889
ECHDC2	299.290634529619	-2.00366724250449	0.339094499851206	-5.90887567738107	3.44450524871893e-09	7.28437979555169e-07
ECM2	14.3183088332389	-1.83138835044414	0.448381647068535	-4.08444092753914	4.41830642205414e-05	0.00207973959066497
EEF2K	234.584902531428	-1.23481644951526	0.319727921299471	-3.86208512693101	0.000112423376552757	0.00431705765962589
ELMO2	526.561576520135	-0.539215928881735	0.141053878703076	-3.82276569662297	0.00013196316145165	0.00483820716558411
EMB	722.260958201567	-2.05004204239225	0.577304856647203	-3.55105628990932	0.00038368834641538	0.0108084562758556
EMID1	31.3406655807563	-0.96797785583229	0.305705615575146	-3.16637250516699	0.00154352992567443	0.0301727216301002
EMILIN1	223.492252830639	-0.752149787345137	0.229034038509633	-3.28400875363119	0.00102341743576032	0.0225925979162097
ERBIN	1248.13246791721	-1.11342518246233	0.280270724832115	-3.97267742868715	7.10692621797723e-05	0.00305912293134878
ERGIC1	1734.57612194158	-0.553376605778172	0.165268984086514	-3.34833912628454	0.000812974641931609	0.0190065718656446
ERP29	770.807302419391	-0.498872740659837	0.107194219351418	-4.65391458306502	3.25691766905604e-06	0.000254144078218534
ESR1	33.1173453286975	-3.17610133967247	0.672629261849533	-4.72191966632424	2.33628966548961e-06	0.000191523251678789
EXD1	208.045522227488	-1.67883829739154	0.391982178313072	-4.28294547628814	1.84435378782842e-05	0.00105955946740127
EXTL3	1038.00045535866	-0.823008376237611	0.203032369913337	-4.05358207949258	5.04392912498676e-05	0.00231024923428821
EZH2	147.094244472942	-0.602093411030604	0.194008934131781	-3.10343136374137	0.00191290599903275	0.0349788525537417
F11	792.678657390387	-0.87483604654416	0.265314220473424	-3.29735829833438	0.000975989085734829	0.0218429949985316
F7	1086.27116348525	-1.30027337910744	0.270212644892105	-4.8120374959752	1.49399314629306e-06	0.000130541005932385
FADS1	14095.8122501879	-1.20648967915317	0.332018547379678	-3.63380205315307	0.000279275153639772	0.008652193294929
FAM114A1	76.6058511041421	-1.08322732929509	0.364762339614883	-2.96967973842575	0.00298110360419724	0.0469258509087877
FAM241B	65.2141763442532	-1.07327767117795	0.346927579159254	-3.09366489046195	0.00197700657104328	0.0357921586658356
FAM78A	73.5432830569004	-0.595946592558588	0.185522087433986	-3.21226761083443	0.00131691642360425	0.026989388277013
FAM83F	474.479118556148	-0.803117504538265	0.272176073457523	-2.95072779299097	0.00317026176930845	0.0486440165486318
FAM89A	6.09441169470064	-2.09306330490266	0.64930406752426	-3.22354873408283	0.00126612752251662	0.026392137375841
FASN	3062.26352967095	-1.57767606741081	0.403576070566608	-3.90924086553448	9.25866134584316e-05	0.00379501085276807
FBRSL1	286.904502893516	-0.667387925751644	0.193301312037047	-3.45257835406589	0.000555256188753574	0.0141155022757703
FCGRT	2615.28860711436	-0.413912600999633	0.128988861712117	-3.20890188118273	0.00133242954006265	0.0271629208883937
FDPS	583.505848022972	-1.14958970094761	0.387745240236912	-2.96480673816964	0.00302873133860092	0.0473689685882794
FEZ1	119.938267620107	-1.51318279337183	0.344565688619867	-4.39156550796679	1.12537417867891e-05	0.000727520629683316
FGFR3	1283.29809525611	-0.521771234485034	0.175587512738106	-2.97157369763118	0.00296277756413599	0.0468394910247805
FJX1	13.8821074891658	-1.44004625335676	0.48779355762774	-2.9521633298317	0.0031555597034022	0.0485000851749966
FOXN3	617.294375640649	-0.605723028155934	0.150866065625408	-4.01497199283973	5.94528542512067e-05	0.00265301544108137
FPGS	621.526463199508	-0.642871057225434	0.210748338767409	-3.05042052044327	0.00228521155038015	0.0400790948835903
FRMD4A	79.6402972615553	-1.04838963887167	0.242840153758814	-4.31720052324179	1.58020591386095e-05	0.000945321331663791
GAA	1823.31923596142	-0.687116902750287	0.121219953977074	-5.66834815726989	1.44180764244674e-08	2.47954563965413e-06
GGT5	55.8589199292374	-0.971990814974713	0.329141551072102	-2.95310881232916	0.003145910509029	0.0484231288478387
GHR	779.059511803271	-0.691157285991167	0.195024667524693	-3.54394802854185	0.000394182939826351	0.0109637806882904
GNA15	46.7948113318403	-0.856212545724112	0.28854733870713	-2.96732088939192	0.00300407253534708	0.0470842389213583
GNS	1678.07257076766	-0.355321948831126	0.110644996211522	-3.21136934337141	0.00132104027636536	0.0270095576841945
GPC3	691.96800456844	-1.13121665431252	0.249825797799779	-4.52802178267884	5.95384454378662e-06	0.000430091582093735
GPR27	153.80500030272	-0.739032193341611	0.249923390114801	-2.95703492579122	0.00310612932598854	0.0479118806816329
GPR63	24.9966474217104	-1.1533511769014	0.350503147433043	-3.29055868784097	0.000999886420941534	0.0222413759975288
GPRASP2	272.917400117118	-0.770217795006736	0.183873849542916	-4.18883814594292	2.80386281063445e-05	0.00145084986286447
GRAMD1A	395.903670953758	-0.676824699092525	0.152979654582332	-4.42427916928172	9.67648260699566e-06	0.000647702909180186
GREB1L	16.3437437917348	-3.45942121448479	0.6220607944335	-5.56122688560565	2.67884655321388e-08	4.11470830573651e-06
GRN	5618.46190706844	-0.543973409991536	0.165306477100059	-3.29069628446725	0.000999397512265884	0.0222413759975288
GTF3C1	357.013423146278	-0.476028015721977	0.154659007257164	-3.07791976790881	0.0020845102899921	0.0371394067784672
H1-4	30.5754397921411	-2.26764834566821	0.569639704398644	-3.98084671443701	6.8670222999109e-05	0.00297340027894065
HACD1	26.0005061951636	-1.31682960137387	0.355810579385468	-3.70092874598673	0.000214811795261995	0.00704389599205177
HAND2	57.7101045325413	-0.878685470321368	0.258515236518053	-3.39896975573433	0.00067640195636169	0.0163604282399428
HCK	46.7330281988083	-1.14152793474193	0.381929194092192	-2.98884702295469	0.00280032298747361	0.0451018907651378
HDAC5	754.244260955058	-0.558761414173058	0.153942044587574	-3.62968684526722	0.000283765267262908	0.0087356598732075
HDHD3	385.943032634704	-0.892714397647967	0.252341257115132	-3.53772667955229	0.000403587594188746	0.0111663621948747
HEXD	149.16854791416	-0.781623203637773	0.226032518553491	-3.45801218621029	0.000544176769089749	0.0139065278713794
HGFAC	2782.21417496954	-0.622145204312702	0.146032619461806	-4.26031667859947	2.04137459653795e-05	0.00114568223510315
HMGN1	141.859039793216	-1.17574607020153	0.337785854511862	-3.48074395211313	0.000500023244138578	0.013122912191493
HNRNPL	1497.36405908972	-0.501927171837053	0.165181032327684	-3.03864895844298	0.00237641588298622	0.0410279217312336
HOOK2	247.598945575262	-1.33574675257179	0.221964552037638	-6.01783816519176	1.76761776981942e-09	4.34641998644345e-07
HPS4	167.533715247035	-0.650213967164803	0.185623196325972	-3.50287022330423	0.000460273655048	0.012323510411854
HSD17B2	511.138819924847	-4.22953817230841	0.561562716319855	-7.53172895812291	5.00728150659716e-14	3.17679355409851e-11
IDI1	655.934401811213	-1.99295733555147	0.654670692817126	-3.04421346093185	0.00233289546314735	0.0406224470146136
IDUA	264.668699913404	-0.553648218651789	0.177662159196356	-3.11629792836124	0.0018313714588443	0.0343020174687336
IGF1	783.020610245649	-1.01128662355319	0.335858877869327	-3.01104627624776	0.00260349171405194	0.0434669920954759
IGF2	9702.37686307226	-0.435009914801921	0.146975743281568	-2.95973951272049	0.00307899259997792	0.0477275813620067
IGF2BP3	24.1464267944398	-4.10972715612343	0.937012408879698	-4.38599010768391	1.15459368630731e-05	0.000742195201347853
IGFALS	2306.36756501593	-1.07783759028333	0.263406086869868	-4.09192362671492	4.27809559689294e-05	0.00202747001291314
IGFBP2	565.403633901707	-2.31293059815344	0.633703281541838	-3.64986369097844	0.00026237950542715	0.00825138306722623
ILVBL	1501.98123462168	-0.609977756104018	0.149311862572816	-4.08525984200717	4.40275180389262e-05	0.00207912473535279
ING4	336.546696543909	-0.609280039308884	0.139650193918376	-4.36290149131479	1.2834874553935e-05	0.000812797504279417
INHBA	9.19599522630249	-1.84557612954379	0.519566173776108	-3.55214835509882	0.000382099361256293	0.0107845142736012
INHBC	709.001264880781	-1.59680395549443	0.356600012065572	-4.47785726715234	7.5395981917097e-06	0.000528993546418343
INHBE	12.3144331212644	-3.1193005307689	0.718120130825422	-4.34370295006702	1.40100926948443e-05	0.000866251155098169
INPP5D	77.4056157230778	-0.774688408458087	0.196934589216742	-3.93373460466857	8.36361275874096e-05	0.00352722073339734
INPPL1	859.164050678673	-0.373983922506326	0.12692550954713	-2.94648352282137	0.00321409542497192	0.0490586615493622
INSIG1	2283.95057459688	-1.13395977467953	0.314131180664112	-3.60982877370595	0.000306399195388134	0.00927588601473787
IPO4	714.849638085886	-0.378175441000316	0.125811266244461	-3.00589487960077	0.00264800523972038	0.0437278261315886
IRF8	46.9607534924907	-1.03371622547353	0.265362399470778	-3.89548868843175	9.80009359970088e-05	0.00397230460574542
ITIH2	9825.61510050203	-0.867773189355696	0.190842960846093	-4.5470536901569	5.44021237483033e-06	0.000398912457153388
ITIH3	37857.8173561718	-2.0115647053245	0.2387240112006	-8.42631914237641	3.56708459879225e-17	3.4700598977051e-14
ITIH4	49030.6885049717	-0.408120533873557	0.125761921836522	-3.24518366063199	0.00117374894895528	0.0250399775777125
IZUMO1	25.7578650729022	-1.55268747274803	0.433905154549931	-3.57840292162133	0.000345700226795587	0.0101294331514081
KIAA1614	79.1973598271868	-1.72550671018563	0.525858711114896	-3.28131240143822	0.00103325232779363	0.0227409019112588
KIAA1958	35.9089487292376	-0.874695748924825	0.261351981807976	-3.34681123469534	0.000817468555151317	0.0190551136689585
KLHDC8B	78.4680543996577	-0.772562112219611	0.254950991344121	-3.03023772587275	0.00244361317482614	0.0418511777547689
KLHL26	210.673396110185	-0.734911313622418	0.200164464287346	-3.67153738421529	0.000241095802790236	0.00769818370747293
KMT5C	171.43484543032	-1.02710629464805	0.25234156230004	-4.07030171837804	4.69522888192813e-05	0.00218890670431614
KRT79	10.5333372600861	-4.95160034976509	1.27459770417598	-3.88483388408916	0.000102399878907896	0.00406140164553991
LDB1	557.922759638822	-0.530489289364281	0.170858548412687	-3.10484488070771	0.00190378837902929	0.0349100518949032
LDLRAD4	47.0211085705018	-2.52488285040307	0.372700282791019	-6.77456650017844	1.24779830612803e-11	4.79154549553165e-09
LGALS9	33.1613915924386	-1.69976674603409	0.505530751898219	-3.3623409449408	0.000772846352009571	0.0182481779425949
LOC101536996	68.3790880075204	-1.22214746615124	0.395437475948423	-3.09062124984493	0.00199738235669679	0.0360269509875397
LOC101537829	448.399332925249	-0.42866933122705	0.142111116814655	-3.01643770617982	0.00255763764398162	0.0428977568976779
LOC101539126	102.774694004559	-3.64391352162351	0.559968889093412	-6.50734994853554	7.64880890620206e-11	2.46028845669723e-08
LOC101539748	201.970330676393	-5.05060384917269	0.610464641821657	-8.2733765449567	1.30217626033291e-16	1.18758474942361e-13
LOC101540075	101.739014016633	-0.985270447388434	0.265354526787321	-3.71303425389882	0.000204789157076321	0.00679155313649472
LOC101540178	11.2892300081723	-2.55776209516892	0.843063485761024	-3.03389025662765	0.00241422234420219	0.0414939133646624
LOC101540186	480.846725978241	-1.5557473056237	0.315727783715622	-4.92749572848796	8.32902438538364e-07	8.15685394842403e-05
LOC101540995	4267.22445543416	-1.06608068921752	0.284093235622682	-3.75257329475254	0.000175028634684298	0.00600945373485478
LOC101541561	44794.4833728943	-0.612173155376112	0.172603130665478	-3.54670945431787	0.000390074526953132	0.0109250815687142
LOC101541669	4725.25663013923	-3.23602096381213	0.916919554124017	-3.52923105332144	0.000416769083053863	0.0114102310184885
LOC101541684	19.2644054338464	-1.77239627862999	0.496218947894222	-3.57180290303588	0.000354532190302617	0.0103260154109696
LOC101541861	9.38965525802212	-4.62522965929965	1.06536826150913	-4.34143744131054	1.41553583865571e-05	0.000871540040407767
LOC101542379	7529.78264798221	-1.94039309419624	0.409072017264155	-4.74340216955794	2.10158458584027e-06	0.000173256058059781
LOC101542911	1905.86555948228	-3.50953915749448	0.61367013128257	-5.71893429155424	1.07194234740215e-08	1.97997249788508e-06
LOC101543394	149.135927104704	-1.1145735724163	0.371376915628687	-3.00119238841081	0.00268924597734301	0.044196434824045
LOC101543744	785.230711144555	-1.13212483174388	0.279248692411438	-4.05418131761864	5.03101838257687e-05	0.00231024923428821
LOC101543789	37.4052412528026	-1.08506716454076	0.304158454852009	-3.56744041545289	0.000360485315254457	0.0103751513218797
LOC101544475	44.6796484772188	-1.4466198071411	0.333738669225779	-4.33458852849456	1.46033012237711e-05	0.000895341896879276
LOC101544821	377.628854939613	-0.970707533005888	0.288210399645802	-3.36805172262641	0.000757013928073579	0.0179033180525927
LOC101545061	565.957382609022	-0.436268405901464	0.144462633042594	-3.01993945917374	0.00252825216594752	0.0426976131480213
LOC101546556	516.433984313925	-0.506766965760236	0.101168670738971	-5.00912942770362	5.46767954978533e-07	5.57932727206066e-05
LOC101547440	4416.13696573758	-0.72313710787335	0.140926007940655	-5.131324717421	2.87710073797348e-07	3.30572078492197e-05
LOC101547469	954.230339826271	-3.57442619662266	0.752128243070994	-4.75241586731011	2.0100041651459e-06	0.000166647618055733
LOC101549027	80.2623507053916	-2.50259591055178	0.607184684932689	-4.12163872484566	3.76186828718405e-05	0.00185360459300703
LOC101549605	3898.80114022179	-5.44457228163501	1.13971084362822	-4.77715230321266	1.77795110243818e-06	0.000150056400272012
LOC101549854	9749.77419511769	-1.31847041493826	0.376751583516824	-3.49957497890486	0.00046600052718576	0.0124123840951903
LOC101550043	625.589305447224	-3.33934954976409	0.751114690189778	-4.44585839337047	8.75416017597314e-06	0.000596919183587851
LOC101550083	15.6489452646261	-5.20758512471457	1.61322895237234	-3.22805087092972	0.00124636807314754	0.0260932610091376
LOC101550113	8838.08594815665	-3.39725737745778	0.399134901959891	-8.51155176051021	1.71620888833602e-17	1.7887800070428e-14
LOC101550122	93640.6189934872	-0.617243076907663	0.198372645099741	-3.11153322877413	0.00186118526341122	0.0345528051158156
LOC101550296	260.502949504755	-2.15006927391435	0.659075142789661	-3.26225210802788	0.00110530796436862	0.0238589553492114
LOC101550987	120712.540093944	-1.15956092526681	0.246415760823772	-4.70570925086275	2.52984861630072e-06	0.000206232128542235
LOC101551139	210.763195206979	-6.61204623446397	1.13042723515723	-5.84915687522718	4.94070951643728e-09	1.00131712866462e-06
LOC101551884	425.405275937367	-5.10936524919957	0.749686087385359	-6.8153395603475	9.40413736042737e-12	3.70878844225287e-09
LOC101551999	659.902733752546	-1.26937882349547	0.361807705197783	-3.50843502020379	0.000450751332073616	0.0121365617432239
LOC101552334	227.480646209549	-0.940490890429651	0.30735723318827	-3.05992763102978	0.00221390480008643	0.0390160614044217
LOC101553045	19.9396839789503	-5.34204504925868	1.42276530000746	-3.75469169035164	0.000173554977872818	0.00598703129342827
LOC101553079	260.390668587909	-1.23873729718376	0.386793619107173	-3.20257945320585	0.00136202722280205	0.0275272870292626
LOC101553314	436.568242677699	-12.4769615031859	1.24175920896166	-10.0478107294399	9.39309540989576e-24	1.37064048221199e-20
LOC101553956	5.55646206644705	-3.66888987329668	1.13442619296637	-3.23413713121611	0.00122010856619676	0.0257280696502069
LOC101555447	175.076826147133	-1.07461179502208	0.347129499604604	-3.09570865122704	0.00196343178727204	0.0355905548321411
LOC101555779	213875.492718119	-1.33513076752827	0.325313913366373	-4.10413054182725	4.05838267786573e-05	0.00196743920383444
LOC101558028	4603.27185090466	-1.85660776419732	0.284809515323491	-6.51877014041669	7.08861825310088e-11	2.35084358066473e-08
LOC101558058	13.5081771476565	-5.78570541231706	1.06140054548899	-5.45101040027406	5.00844409151443e-08	7.16502119444888e-06
LOC101558612	4357.96408345216	-0.596375911642792	0.199713592783	-2.98615584113389	0.00282508632788668	0.0453007249412334
LOC101559170	176.863306679378	-3.82381705346832	1.01041022109541	-3.78442040038235	0.000154067206623826	0.0054699481242211
LOC101559436	249.23004741838	-1.49506172273386	0.250549839594608	-5.9671230488628	2.4147330860305e-09	5.25907241662046e-07
LOC105943016	414.282930313769	-3.00245278385745	1.0143902357737	-2.95985970484762	0.00307779167351451	0.0477275813620067
LOC105943465	10.2577834669458	-4.1295469234465	0.928450586621232	-4.44778320241524	8.67610302489571e-06	0.000594374156522433
LOC129399127	13.4078263472772	-3.42554753258892	0.767152282452128	-4.46527711765321	7.99651805145294e-06	0.000558302351228715
LOC129399329	381.882208507591	-3.01767706629331	0.600566490719961	-5.02471768392491	5.04173642162488e-07	5.21766084144328e-05
LOC129399403	1385.9884140239	-3.31512550327354	0.672344085263477	-4.93069780181738	8.19364036900013e-07	8.07848650435472e-05
LOC129399518	816.457373344099	-12.7165969789235	4.21167709270988	-3.01936656087312	0.00253303850018257	0.0426976131480213
LOC129399863	28.053052259884	-1.28634712159411	0.392884306318813	-3.27411174461695	0.00105994686661526	0.0230846935487312
LOC129400140	18.807592635737	-1.5566595112914	0.486182434644619	-3.20180121774506	0.00136571206070305	0.0275635828351022
LOC129401580	31.0720498632248	-1.34784459547026	0.423619966181352	-3.1817305676599	0.00146397942010052	0.0290960131395198
LOC129401604	80.0210839775846	-2.0624004022568	0.405046625882499	-5.0917604800764	3.54754077261133e-07	3.92164507226853e-05
LOC129401605	773.12024722856	-1.82117370052273	0.325493771096293	-5.59511075861406	2.20480970340056e-08	3.45941754752914e-06
LOC129401606	27.4890412924088	-1.30243485585763	0.431035141776183	-3.02164424573513	0.00251405825421694	0.0426075935488196
LOC129401657	39.4794453764618	-5.11151680396878	1.45161334122578	-3.52126606913964	0.000429491434221486	0.011736215371086
LOC129402093	2993.30314436754	-1.19840855817487	0.220959047686087	-5.42366818976078	5.83882237507574e-08	8.27185399001021e-06
LOC129402109	50.6264267874159	-1.16483141208169	0.392091539139315	-2.97081496488965	0.0029701067215156	0.0468538348976818
LOC129402130	6.54279265866187	-2.7449417558128	0.922743259310204	-2.97476218668319	0.00293215764974699	0.0465929125331633
LOC129402360	2185.58351260216	-0.902469352491924	0.211729390855563	-4.26237164734286	2.02268679976806e-05	0.00114290422103085
LOC129402364	341.730658946611	-0.874998124801668	0.244822780525434	-3.57400615630524	0.000351560657413647	0.0102805072404408
LOC129403297	41.0253057945374	-3.9799361344549	0.986225756428681	-4.03552240297094	5.44809405453425e-05	0.00246125660816606
LOC129403345	2470.00243570964	-5.53904046366114	1.07894252853768	-5.13376784875497	2.83998372343721e-07	3.28897162638061e-05
LOC129403451	495.240891051589	-1.69620525611703	0.557421043348775	-3.04295160069105	0.00234270008779724	0.0406960472394492
LOC129403539	16.7629823961219	-1.44040915372728	0.468050206014988	-3.07746719308388	0.00208767817206296	0.0371504876667593
LOC129404251	36.4609423695658	-0.821468078115951	0.274828840209797	-2.98901700960083	0.00279876550418843	0.0451018907651378
LOC129404293	173.467823230285	-1.86396474620211	0.413296061469022	-4.50999881193358	6.48279888128763e-06	0.000463710790567398
LOC129404895	46.3409929388358	-0.731518560267228	0.238298975096221	-3.06975118114483	0.0021423717231064	0.0378927129497802
LOC129404992	1819.9910268942	-2.27878929020325	0.734095672748644	-3.10421294498424	0.00190785961483587	0.0349303481802823
LOC129405525	1752.01118787699	-0.784951928251468	0.248777555857498	-3.15523611262222	0.00160368265388352	0.0309946189211501
LOC129405537	4405.78930427674	-5.82337355286165	1.09700422340043	-5.30843312053139	1.10571642299189e-07	1.45356883281961e-05
LOC129405640	1073.19041093428	-5.09006904819312	1.06319371084013	-4.78752742449067	1.68848670385558e-06	0.000144084198729009
LOC129405747	26765.6713343232	-4.83046497501481	1.04614378136692	-4.6174006489846	3.88576611601429e-06	0.000292273707035466
LOC129405748	6451.79024641198	-6.35851569155763	1.01640347564258	-6.25589723366273	3.95236953545879e-10	1.1090956973349e-07
LOC129405749	5537.14223681531	-6.77486931199766	1.13197706585242	-5.98498813833827	2.16405631723876e-09	4.93404840330438e-07
LOC129405941	1875.90970032782	-4.34413676338495	1.21865541322102	-3.56469656332382	0.000364277370623983	0.0104430950729767
LOC129405942	395.503140258517	-6.07765574772793	1.35380349535027	-4.48931899540963	7.14512309650309e-06	0.000506124447690161
LOC129406064	100.445324022354	-0.747611153473222	0.2504846279708	-2.98465881730824	0.00283894782805881	0.045423165248941
LOC129406070	103.241769521326	-1.41944506839935	0.411101561841066	-3.45278442154913	0.000554832218512564	0.0141155022757703
LOC129406505	13.8029282044466	-1.97587759191961	0.671553955774505	-2.94224697052202	0.00325839947565504	0.0495276720299566
LOC129406756	28.1215187695497	-2.5111352716713	0.403478618876933	-6.22371336221223	4.8552376943132e-10	1.33674770632865e-07
LOC129406762	8.35858584136909	-2.23540947815513	0.750016977664834	-2.98047850212011	0.00287798437927933	0.0459469891274004
LOC129406982	250.499821897322	-0.944994974228982	0.301868399605231	-3.1304865811221	0.00174516972223607	0.0330292043928259
LPIN1	4276.56797642044	-0.740168799516798	0.196243806846491	-3.77167978654117	0.000162152261470741	0.00571527970864989
LRP5	3005.78008027928	-0.577619445347721	0.162849031519849	-3.5469627295715	0.00038969971753364	0.0109250815687142
LRRC25	23.7002215403779	-1.67872871046885	0.557609979787324	-3.01057866846129	0.00260750392613329	0.0434842254744422
LRRC39	16.9121231222564	-1.920437561187	0.586799427387279	-3.2727325071494	0.00106513227849851	0.0231285866188247
LRRC8A	2398.66366340313	-0.600558920852172	0.15140569397069	-3.96655439503109	7.29191396515542e-05	0.00312034042755272
LSR	1504.82445464507	-0.958668252761679	0.205157475289613	-4.67284095501937	2.97061801037506e-06	0.000234309502742664
LTBP1	515.349260629912	-3.09861900407264	0.560343300462079	-5.52985821641377	3.20489715289504e-08	4.87144367240047e-06
LYL1	37.1833060565628	-1.77666395136705	0.468184434436016	-3.79479500104964	0.000147765495783514	0.0053108229420518
LYZ	182.410711494695	-1.06095825476547	0.353292449788859	-3.0030595202347	0.00267280152072288	0.0440634421314686
MAN2B1	1839.95981342699	-0.369358427061827	0.0962736970947001	-3.83654558003008	0.000124777046398891	0.00470477173398611
MAPK8IP3	415.166333285826	-0.505764642887873	0.157875694495253	-3.20356242615346	0.00135738608803889	0.0275272870292626
MARCHF1	23.2071889350382	-1.63992830807264	0.476150715152235	-3.44413702612696	0.000572885281202786	0.0144054619037527
MARCO	387.244808481626	-3.19684442116399	0.653545177700292	-4.89154312547008	1.00048465905406e-06	9.41875622252704e-05
MASP2	4068.60769276756	-1.09344857257346	0.263288774162963	-4.15303909575979	3.28088658918906e-05	0.00165085162446368
MAZ	419.184323732772	-0.744918191360803	0.172621530895121	-4.31532606331357	1.59367494236083e-05	0.000945321331663791
MBL2	2357.35803305651	-0.866627277648195	0.207378115439437	-4.17897170977662	2.92830105274922e-05	0.00150456932963791
MED15	280.974243017577	-0.553469786155049	0.155918944180117	-3.54972764256076	0.00038562989251949	0.0108422184810104
MEGF6	30.4481095552675	-1.44246688524107	0.467964031797073	-3.08243109988969	0.00205317254688068	0.0368057663440821
MGST2	26.0416127381835	-7.80264120193648	2.6118505898394	-2.98739952135481	0.002813617658889	0.0451671322419664
MID1	125.593351296817	-4.13634872512894	0.350184055841074	-11.8119276310117	3.38705686668473e-32	1.23559834496659e-28
MID1IP1	627.076140547616	-0.834130479766283	0.269982939196315	-3.08956737136547	0.00200448239406084	0.0360658533836447
MIER2	26.994304125627	-1.58871703355349	0.454048062403236	-3.49900630595041	0.000466995536476116	0.0124123840951903
MMP11	50.2994748987749	-3.05334165045668	0.474997992276834	-6.42811485543535	1.29196111185711e-10	3.94618140271393e-08
MMP15	896.988883147078	-0.949182074522693	0.216150872229461	-4.39129421377057	1.12677948402158e-05	0.000727520629683316
MORN1	33.4251936777046	-1.80715861087329	0.493676462013588	-3.6606132759547	0.000251612284704711	0.00798157925741553
MPEG1	140.439682871023	-1.26478301317308	0.407369498619533	-3.10475628995075	0.00190435864229324	0.0349100518949032
MRPS23	672.57785530359	-0.430086899975364	0.118523279973618	-3.62871243582777	0.000284838307215831	0.00875023279767033
MRPS24	347.587212387419	-0.480626941692885	0.13022947657785	-3.69061562960035	0.000223711966470948	0.00727038978784873
MVD	870.676364542721	-1.7567395775543	0.53259812935346	-3.29843362327777	0.000972258637461881	0.0217929309337078
MYO15B	1194.43548643825	-0.716150098252572	0.223705595085543	-3.20130615409383	0.00136806090186172	0.027572851767909
MYO1A	11.0617970310972	-2.02479401462111	0.571091258446372	-3.54548241576919	0.000391895134103307	0.0109550455878074
NAGLU	288.691396586904	-0.829308455529208	0.203241258552439	-4.08041389546521	4.49555801680146e-05	0.00210929847527868
NANOS1	19.8954001823767	-1.6495292008722	0.466788769084638	-3.5337808236194	0.000409660638353476	0.0112575669206288
NCF1	40.5023397028184	-1.16754291482338	0.369055117648356	-3.1636003918955	0.00155830596858669	0.0303848387286152
NELFE	699.128337191423	-0.527364930136012	0.177451008366136	-2.9718902980134	0.00295972417092224	0.0468394910247805
NFATC4	22.7609592919984	-2.04500686669895	0.555921983647281	-3.67858607296318	0.000234530543074331	0.00757139310739078
NID1	439.780285739013	-2.03875951617188	0.468668029499577	-4.35011434073874	1.36066563689192e-05	0.000848497135620805
NLN	396.473864309816	-0.700241037215651	0.219564924058264	-3.18922086585121	0.00142656836890535	0.0285157337521464
NLRX1	685.537265697864	-0.643820393966194	0.166834677511809	-3.85903220822075	0.000113836935782516	0.00435986500508787
NPM3	234.991528940441	-0.48394323340873	0.158348612370681	-3.05618865971404	0.00224170156114599	0.0394582740413056
NSDHL	304.66103754861	-1.23347215636123	0.369812505905864	-3.33539871330153	0.000851771766521293	0.0196662240776562
NUB1	542.444588518635	-0.623498265659066	0.192867918327372	-3.23277334595766	0.00122594787468909	0.0257978558643991
NUDT19	463.688327756937	-0.989104733591763	0.183889417146181	-5.37880183069744	7.49831886473927e-08	1.04205208451691e-05
NUDT3	339.577689793797	-0.349462806358782	0.11625621688306	-3.00597091259473	0.00264734320697605	0.0437278261315886
NXT1	116.880492305879	-0.514229012260019	0.162624800750208	-3.16205775433893	0.00156658490573734	0.0304794759260257
OGN	12.9239203204801	-2.17173785241297	0.683652713081223	-3.17666822768091	0.00148977357904752	0.0294506230286947
OS9	7234.33673368522	-0.367295269513367	0.106928798959769	-3.43495179115927	0.000592659251261971	0.014808362661669
OTOS	115.814729151016	-1.58762551038929	0.352799960402414	-4.50007281343908	6.79301896844334e-06	0.000483530403841587
P3H1	170.516326185229	-0.814724207990656	0.221763056812866	-3.6738500077502	0.00023892301763434	0.00767921734211519
P4HA3	21.2417723136946	-1.66053269468225	0.458795443546889	-3.61933126851671	0.00029536532872096	0.00899785151711117
PACS2	177.562689627206	-0.612051614593379	0.190416203578985	-3.21428325473099	0.00130770601055229	0.0269520425225692
PALD1	187.002049962561	-1.17707803663653	0.392786915523383	-2.99673433639735	0.0027288841188362	0.0444914827509025
PANK3	635.54657154097	-1.08798905058432	0.263695313663369	-4.12593244631276	3.69235649143885e-05	0.00182812288010128
PCDH1	118.453822541263	-0.843800180600399	0.231728529501313	-3.64133057943398	0.000271232590989626	0.00845210027725068
PERCC1	54.6351974066338	-5.5792746170616	1.04640619011477	-5.33184404848528	9.72204155654118e-08	1.30150486599127e-05
PHF1	137.322160389783	-0.773851894301808	0.229507340253005	-3.37179583645877	0.000746797859841838	0.0177191453183937
PHLDB3	316.420268239378	-0.988103913245792	0.221740277625393	-4.45613184860845	8.34517187435537e-06	0.000579870228526636
PIGP	234.595647887607	-0.689759103497784	0.187666668404742	-3.67544811958924	0.000237432288699923	0.00764815001481077
PIK3R2	447.060176543609	-0.66925567339126	0.220076202183291	-3.04101791448522	0.00235779801875891	0.0408610316980167
PILRA	17.4620183279962	-1.33544186887045	0.439526811777849	-3.03836269616568	0.00237867473852958	0.0410279217312336
PLEKHG5	141.690640321591	-0.660060249650138	0.193827131910536	-3.40540688573363	0.000660655390709191	0.0160671391020475
PML	1134.16944165455	-1.0794978867071	0.214160388875596	-5.04060481200454	4.64062881495873e-07	4.90054210414489e-05
PPIC	38.1951032978556	-0.90032137186237	0.295054548558844	-3.05137262333312	0.00227797679085732	0.0400002855983032
PPP1R10	713.31589325605	-0.579255260741804	0.196854330856599	-2.94255787119954	0.00325512939002427	0.0495276720299566
PRDX4	1358.96312725791	-0.452391457905026	0.15011220067523	-3.01368879991162	0.0025809239712467	0.0431890396656328
PRPF40B	184.270197111446	-0.716328448975523	0.238881666414827	-2.99867486578727	0.00271156502541388	0.0444004586094053
PSMB10	374.483417485429	-1.23668016818816	0.337805381999377	-3.66092500027262	0.000251306320585969	0.00798157925741553
PSME1	770.982164284944	-0.909154061286287	0.194405945228108	-4.67657540112533	2.91705372347244e-06	0.000231335043113641
PSME2	705.72911437529	-0.489306789525988	0.165608466187251	-2.95460009256252	0.00313074579100454	0.0482405940679391
PTGFRN	20.623362537009	-1.90929402063629	0.417020166154472	-4.5784213225052	4.68498315680261e-06	0.000347021696568851
PTPN9	431.412194879255	-1.57109352899788	0.261181004229916	-6.01534377904013	1.79505340752047e-09	4.34641998644345e-07
PTPRF	3810.85314679318	-0.495400110296742	0.15919041840208	-3.1119970364389	0.00185826364546021	0.0345528051158156
PXMP4	749.900626733935	-1.15011113606114	0.162908965129708	-7.05983943330206	1.6669510902541e-12	7.15416185558467e-10
QSOX1	4500.18267927711	-0.873977490415866	0.271597550555126	-3.2179137427032	0.00129126643867687	0.0266828675286309
RAP1GAP	780.88611855895	-1.80899749868723	0.251680377260873	-7.18767795239024	6.59024800159651e-13	3.56166291997394e-10
RBBP4	1127.93633772248	-0.710227654578139	0.169369632083369	-4.19335890290264	2.7485406121867e-05	0.00143238230760815
RCN3	41.8017689500822	-1.32623582360125	0.318737486595438	-4.16090318640366	3.16991453128762e-05	0.00160609002918573
RCSD1	70.7654860523244	-0.829657166977401	0.232446750089165	-3.56923539115582	0.000358024631423778	0.0103594282141135
REEP4	167.598826735371	-0.79294968662164	0.241107495532565	-3.28878073603706	0.00100622379085988	0.0223482763412897
RELB	53.9773647395151	-2.05531970075438	0.579982488488198	-3.54376165065232	0.000394461681836107	0.0109637806882904
RELN	217.662083971981	-1.01500004838336	0.246753391849553	-4.11341882993126	3.89842156270997e-05	0.00190891837057261
REV3L	283.306507170649	-0.884202625217804	0.251969252994723	-3.50916873669631	0.000449509626007198	0.0121365617432239
RGS9BP	25.4407000196721	-1.83319836910725	0.481940740514671	-3.80378377463908	0.000142502577666935	0.00518553020777036
RHOBTB3	325.482505325739	-0.925404668840709	0.279062168350482	-3.31612369498423	0.000912754193284518	0.0207104124271432
RHOU	218.285301686305	-1.00604748460327	0.31040091662665	-3.24112278899404	0.0011905988820507	0.0253574914999555
RORA	143.638440572988	-1.10172299340933	0.241077655290254	-4.56999215494638	4.87742472425778e-06	0.000359451422102876
RPS9	914.269289603976	-0.891966319773736	0.235202094737824	-3.7923400332297	0.000149234380899816	0.00535043755796097
RTL5	356.884319321632	-0.861907343080633	0.221932227172347	-3.88365112206664	0.000102899526240845	0.00406913248484123
SCARF1	44.0173436335351	-0.875238986999163	0.292637697105788	-2.99086206478301	0.00278191121761339	0.0450093590888012
SCP2	35147.2345747936	-0.877030969986472	0.250003882528699	-3.5080693992254	0.000451371285542151	0.0121365617432239
SEMA3F	31.1955277317465	-1.074173878532	0.347772582128769	-3.08872502816875	0.00201017395366605	0.0361237171575062
SEMA5A	127.893667491684	-0.890604555379189	0.283884761138991	-3.1372045185023	0.00170567102387273	0.0324500020604313
SERPINA1	239926.765592847	-0.805069472225585	0.189334849013379	-4.25209345464287	2.11781442623544e-05	0.00116177248524916
SERPINA11	750.673822857226	-0.951890988723876	0.238061812725608	-3.99850348876001	6.37442416617596e-05	0.00282722180646929
SERPINA12	8.64964460942942	-3.13848490332901	0.817820082812383	-3.83762268656469	0.000124231170937573	0.00469632447233435
SESN1	160.938748453639	-0.836196967362033	0.217217357515994	-3.8495863172466	0.000118317483601322	0.00450780344833025
SH2B2	44.9742667554568	-1.34133309535112	0.331536299259627	-4.04581066491522	5.21423646989442e-05	0.00237028469061369
SH3GL1	340.679442407907	-0.538544984232934	0.168080171988353	-3.20409586605047	0.00135487354710589	0.0275272870292626
SH3PXD2A	191.93745136274	-0.923486472775133	0.236286133717247	-3.90833968226095	9.29325835583901e-05	0.00379852173468916
SHANK2	554.064394133744	-0.696522585589052	0.186472728668666	-3.73525174733013	0.000187527494290975	0.00631963324871573
SHFL	717.361912987704	-1.07610015457911	0.323859902021437	-3.32273352725178	0.000891400231416526	0.0202922186846021
SHISA4	96.7446508739569	-1.62511296797669	0.282805668504622	-5.74639460577193	9.11664109843599e-09	1.75039509089971e-06
SIGLEC1	49.1784210239699	-1.50809374016495	0.386947005567629	-3.89741674819959	9.72242285956331e-05	0.00395179928598183
SIX5	111.447706626094	-1.51347452268318	0.295343481028273	-5.12445548963477	2.98398827969611e-07	3.40174663885357e-05
SLC13A3	1594.10507317101	-0.693040147110057	0.221764650691694	-3.12511549946502	0.00177735258582242	0.0335079185172103
SLC15A4	477.727859632916	-0.622574073280095	0.192453615928773	-3.23493050663443	0.00121672340709406	0.0256938175923539
SLC1A4	68.0059950819693	-0.854488846093048	0.288724615913705	-2.95952890400048	0.00308109797443875	0.0477275813620067
SLC25A12	197.67263347976	-0.963439681423155	0.30486212064444	-3.16024725993038	0.00157635301116351	0.030587956301726
SLC25A17	1388.09776984711	-0.796601658129198	0.152464538555011	-5.2248323818707	1.74312941879432e-07	2.15557156602091e-05
SLC27A1	159.088406495808	-0.883912736064999	0.269311405794528	-3.28212142912128	0.00103029226911168	0.0227100072369753
SLC35B2	158.308224807571	-0.921890747117965	0.182933940716392	-5.03947350342821	4.6681424922981e-07	4.90054210414489e-05
SLC35E1	697.24426305539	-0.538453632102382	0.131088325651924	-4.10756357917125	3.99854729037505e-05	0.00194489340203842
SLC38A3	10312.7321781951	-0.41420101013773	0.138245580187779	-2.99612479165787	0.00273434508678797	0.0445307628419755
SLC40A1	1841.52805019581	-1.70482887416243	0.262069237476454	-6.50526132169787	7.7558435449611e-11	2.46028845669723e-08
SLC43A1	773.872248613084	-0.863373653989768	0.283673840332848	-3.04354343346123	0.00233809687195678	0.0406644929148907
SMAD7	123.347853724097	-1.02154709917364	0.3019888694152	-3.38273096340225	0.000717689017215679	0.0171399642212949
SMARCD2	781.84508931721	-0.962377932894002	0.174146845846756	-5.52624383298257	3.27159366757466e-08	4.92155616466489e-06
SMOX	130.268619896213	-0.935149316043666	0.249799838337342	-3.74359456062096	0.000181406287279957	0.00617035091838959
SORBS1	1895.25025849442	-0.548963425926663	0.152592735975567	-3.59757246907586	0.000321201018162116	0.00962415863864803
SORBS3	350.742374725879	-0.694323318385693	0.195178675507541	-3.55737283583967	0.000374582331145405	0.0106340571518945
SP7	19.0856460968282	-2.20281437333885	0.642171932735056	-3.4302563862561	0.000603011179100334	0.0149962705206895
SPI1	72.9603491994333	-1.1619979132989	0.33736993021827	-3.44428417952694	0.00057257354847537	0.0144054619037527
SRC	99.7575314482669	-0.65716116606999	0.216035520407597	-3.04191257451606	0.00235080160779548	0.0407882248049366
SRD5A2	388.492350845567	-8.35878820163068	0.537500718103031	-15.5512130869905	1.561204625705e-54	2.27810978982874e-50
SREBF2	841.075304502396	-0.969424032384959	0.254037904733286	-3.81606057333355	0.000135599229664407	0.00494665989815757
STAT3	3995.9810026405	-0.484018054362699	0.138381330792386	-3.49771209447951	0.00046926741667644	0.0124274957243968
STEAP3	1985.26372903971	-1.40280536316432	0.366802357843339	-3.82441751850313	0.000131081618953739	0.00483015904993173
STOML1	126.855631574559	-1.26669498738501	0.288400455248083	-4.39213934768374	1.1224071965176e-05	0.000727520629683316
SULT1B1	69.8163405814707	-1.13374828750177	0.381040139541661	-2.97540382193201	0.00292603086969615	0.0465612240464626
SYDE1	145.974839990816	-1.38014647461207	0.295036076912028	-4.67789054497085	2.89841180706334e-06	0.000231112705402559
TANC1	288.752927829578	-1.44424081078132	0.301364359946898	-4.7923411084038	1.64846315789049e-06	0.000141496319999635
TAPBP	1429.32595042626	-1.20217033996124	0.260682154266255	-4.61163267330284	3.99518533084626e-06	0.000297437471161778
TAPBPL	537.987934759366	-1.00450257353279	0.268909583773372	-3.73546587457942	0.000187367988267068	0.00631963324871573
TBC1D8	70.9351711640814	-0.717462720933393	0.228267587297141	-3.14307751454637	0.0016718156154943	0.0320988598174905
TBC1D9B	683.96673418245	-0.394271914829555	0.133709043639098	-2.94873034836565	0.00319082250222453	0.0487558495108633
TCEAL8	15.3347986283046	-1.67833347171238	0.50210747000456	-3.34257817693319	0.000830039708866921	0.0192558655513293
TCHP	146.172913236291	-0.83293154878501	0.265619945645605	-3.13580196984274	0.00171384887487992	0.0325631286227184
TECPR1	355.0443873727	-0.830358100723066	0.178052552448519	-4.6635562888836	3.10791123114301e-06	0.00024382064884322
TENM3	60.7849359601338	-1.20926597954236	0.396939448537246	-3.04647468020273	0.00231541979357789	0.0404630007519624
TERF1	89.1233330971716	-0.899932291808142	0.29772025150572	-3.02274463109827	0.00250493528636528	0.0426014168981843
TEX38	27.2064524025362	-1.42633092691335	0.324738627346186	-4.39224288951872	1.12187263947667e-05	0.000727520629683316
TH	999.717104157157	-4.12719540298082	0.287455992730057	-14.3576599805194	9.53940216902427e-47	6.95994782252011e-43
THRB	61.2448506495703	-1.50664799509442	0.49624517892393	-3.03609598457253	0.00239663056753575	0.0412888231894706
TLN1	2045.11922032704	-0.3255443794754	0.102595781002085	-3.17307764798618	0.00150832179079084	0.0296801353916704
TMEM129	465.532267266805	-0.418882336138543	0.117583201331381	-3.56243350576943	0.000367432991741237	0.0104888591209021
TMEM150A	4972.08250191366	-0.858557395279853	0.173088168554205	-4.96023155396081	7.04092001250817e-07	6.98919080425301e-05
TMEM176A	4213.7931611438	-0.67942121820157	0.217208560772542	-3.1279670367737	0.00176019920984561	0.03327050112703
TMEM177	50.4572099338935	-0.874229495175601	0.281356562537977	-3.10719425660312	0.00188872243474781	0.0347874780874656
TMEM243	61.7453780250936	-0.685321188629596	0.19748388039751	-3.47026393875861	0.000519947158611027	0.0135725741296102
TMEM268	3110.35083211324	-0.516794055611643	0.160245245207521	-3.22501959382559	0.00125964047384467	0.0262956706642938
TMEM37	120.104333117937	-1.45185550888334	0.332814720196932	-4.36235364837306	1.28670657544233e-05	0.000812797504279417
TMEM64	94.6828348854917	-1.87229883938642	0.372426738634865	-5.02729435123096	4.97448490385093e-07	5.18483455121377e-05
TMPRSS6	4527.09911000944	-0.69257944598015	0.122139456673641	-5.67039894266711	1.42465384689031e-08	2.47954563965413e-06
TONSL	21.169310601058	-1.04992148285002	0.325329400088037	-3.22725668988386	0.00124983284187288	0.0261283106427065
TP53BP2	584.568207400714	-0.557680314739598	0.186266213199193	-2.99399609387676	0.00275349469632428	0.0447427556890466
TP53INP2	3099.84137670476	-0.36002630512404	0.121535948453391	-2.96230300339582	0.00305347132332958	0.0476537471123265
TP53RK	300.876143575827	-0.746457058766434	0.251247296009343	-2.97100534263532	0.00296826616989252	0.0468538348976818
TPRN	91.0767905243015	-1.46339721455647	0.278402773731108	-5.25640314190932	1.46900086792769e-07	1.83210774912827e-05
TRAF3	450.531516135964	-0.532093364252487	0.177377137893253	-2.99978548854872	0.00270169803964291	0.0442957053870441
TRIM17	69.2323964517395	-1.65387388451604	0.379409578507392	-4.35907256485836	1.30614800828328e-05	0.000821522057623687
TRIO	408.005204474382	-0.447795565410564	0.15060116577767	-2.97338711223283	0.00294532726642331	0.0467154515996183
TRPV2	330.080517761275	-0.966756861059062	0.223852830284462	-4.31871627368101	1.56939383316692e-05	0.000945321331663791
TSPAN7	272.720489934105	-0.856776101164615	0.194774399962515	-4.39881268446727	1.08844719505414e-05	0.000715433399559908
TTC4	276.592400740038	-0.367363947964891	0.122123112413245	-3.00814432833803	0.00262848274544925	0.0436346077606319
TTC7B	102.180151097172	-0.888034114176099	0.245780249519488	-3.61312235589412	0.000302531854061044	0.0091778478471076
TTLL13	18.4274722181436	-2.10624129694456	0.543852128102084	-3.87281981279517	0.000107583366470575	0.004186283956103
TTR	25497.8031114974	-0.365119015294875	0.117830195328699	-3.09868802539399	0.00194379584652988	0.0354548362407049
UAP1	1484.72632485572	-1.33535847098693	0.257179606722212	-5.19231866012336	2.0769112672495e-07	2.48412206653317e-05
UAP1L1	77.4083313262861	-1.55732670381742	0.304080299082356	-5.12143242596468	3.03223400799512e-07	3.42995028253215e-05
UBAP2	303.976504362487	-0.535520869167021	0.160313462862013	-3.34046099190035	0.00083639429418802	0.0193724849853835
UBE2L6	207.033571463152	-1.56906798413925	0.485033590992908	-3.23496766672846	0.00121656506599286	0.0256938175923539
UBTF	706.875400988611	-0.390341528672185	0.121860102428315	-3.20319383369799	0.00135912469562515	0.0275272870292626
UCK2	184.631196017025	-1.25692957898568	0.346772391284396	-3.62465297289149	0.000289349714922894	0.00885654053254565
UPF3A	132.636730709355	-0.595567246568162	0.172578621968144	-3.45099085724591	0.000558532489743904	0.0141740975484227
USP54	82.97698582656	-0.799228936693685	0.20220538996927	-3.95256000255556	7.7319532426627e-05	0.00328934873810303
VCAM1	78.919260647186	-0.742221760924877	0.250014603280007	-2.96871363187381	0.00299049147582788	0.0469722837624116
VPS9D1	249.743456840316	-0.686562638371272	0.186326513550385	-3.6847286265871	0.000228946440143923	0.00740750876847035
VTN	21393.5053525288	-0.361330379254164	0.110299801643175	-3.27589328241119	0.00105328352300985	0.022973861237309
WASHC3	172.937158520498	-0.622817892829701	0.182067742694555	-3.42080306819955	0.000624365257267425	0.0153638074773124
WDR31	38.3515858651766	-2.01410172628913	0.402795352536735	-5.00031024093169	5.72381376388118e-07	5.80013128073293e-05
WDR59	195.990634330934	-0.688198641507681	0.196737476509849	-3.49805565119785	0.000468663328361161	0.0124274957243968
WHAMM	167.449274653931	-0.595185606964202	0.185986861047706	-3.20014867508053	0.00137356713543227	0.0276075642427379
WIZ	443.733803527675	-0.400199022200067	0.131414411946121	-3.04532064842436	0.00232432360825418	0.0405700120713456
WNK4	20.3276978496583	-1.80428724427043	0.484144321388959	-3.72675494590977	0.000193960871294364	0.0065063839860399
YBX1	2077.57333474752	-0.254798162092836	0.0639877195175308	-3.9819853561593	6.83419914620811e-05	0.00297177316241279
YTHDC2	727.129172600215	-1.65523167289631	0.392323798420872	-4.21904477770332	2.45339548682129e-05	0.00129241685717315
ZBTB47	352.485829090119	-1.0303239418059	0.241995810431584	-4.25761065850018	2.06623391159866e-05	0.00115238252798191
ZC3H7B	291.232700489722	-0.432143532524803	0.134149453939263	-3.22135886382705	0.0012758428409168	0.0264823595087595
ZCCHC14	276.700689452313	-0.510298729893499	0.169034550556732	-3.01890192397223	0.00253692643909913	0.0426976131480213
ZCWPW1	34.6993597945232	-1.19123209751355	0.357686391632339	-3.3303813770416	0.000867271079043406	0.0198981440022034
ZDBF2	22.9518799268218	-4.90546861837562	0.638011317244225	-7.68868589912152	1.48653908482172e-14	1.03293230122469e-11
ZDHHC8	182.446890964143	-1.43470162127157	0.403571516783456	-3.55501208981848	0.000377961709906898	0.0106987650543915
ZMYM3	497.798106056374	-0.703128824545624	0.200849447979754	-3.50077548939294	0.000463906481059189	0.0123980281531423
ZNF260	360.959961438063	-0.768226449071573	0.24864304519649	-3.08967599903904	0.00200374949422146	0.0360658533836447
ZNF329	19.6880094079114	-1.74225399325279	0.485734656723407	-3.58684308219928	0.00033470560085828	0.00988668851765996
ZNF35	7.2238710133229	-2.51831963975144	0.668481325996424	-3.76722511432565	0.000165072141242054	0.00577204396669547
ZNF467	82.3892429959249	-1.30437046681231	0.344592649126305	-3.78525331320755	0.000153552087449526	0.00546495624405726
ZNF496	87.4541590494625	-0.915972921949705	0.255687848750769	-3.58238737751886	0.000340468414190532	0.0099962074444029
ZNF641	154.707908324511	-0.817343864484635	0.262691031341889	-3.11142660756039	0.00186185748819544	0.0345528051158156
