baseMean	log2FoldChange	lfcSE	stat	pvalue	padj
A4GNT	14.400574617446	2.23948511835246	0.640788584519295	3.49488922314756	0.00047425855035655	0.0125142509345439
AADAT	2851.43519618263	0.741069537979226	0.174212515352881	4.25382491308464	2.1014964159993e-05	0.00116155438266143
ABCB1	1287.77742335265	0.692145045721828	0.233730411416933	2.96129648480859	0.00306346880097235	0.0477077233124744
ABCB11	2467.48099986712	0.713553139904051	0.209420742212175	3.40727060923657	0.0006561603712386	0.0159844609968508
ABCB7	962.08024028509	0.482074675078215	0.145996246697385	3.30196622162103	0.000960096313419425	0.0215866339066506
ABCD2	80.2728935678032	2.49153588783696	0.635084966944523	3.92315362119823	8.73973840053147e-05	0.0036394258535039
ABHD14B	4857.42906882507	0.828752172577933	0.159786564343327	5.18661988874875	2.14145185636857e-07	2.52000528130082e-05
ABHD2	1525.9300597354	1.51925959700193	0.302792782903073	5.01748946073216	5.23510724582531e-07	5.37962569937203e-05
ABLIM2	108.222246307991	0.986176625511259	0.189460265214953	5.2051897235148	1.93798504500932e-07	2.35658981473133e-05
ACAD8	562.024942517122	0.564506635351635	0.165340284286634	3.41421110884873	0.000639669904732141	0.0156611799494151
ACOT7	186.163997506763	0.814920314335865	0.217830939927047	3.74106779601091	0.000183240078879961	0.00620380332022364
ACOT8	399.565937704677	0.664833708350279	0.213391058756952	3.11556497363609	0.00183592897773307	0.0343020174687336
ACOX1	20940.5344301988	0.808457977721387	0.175145275766185	4.61592797284845	3.9134266770024e-06	0.000292844728568303
ACSM3	342.340762364832	1.25102599117796	0.326794002962258	3.82817915824006	0.000129094774966	0.00480702711757109
ACSS3	2393.73742386094	0.994990477897346	0.231442733821154	4.29907848680278	1.71509732140118e-05	0.000996090829459284
ACTN2	161.604036452989	1.07137598001671	0.329764811829845	3.24890934867098	0.00115848390527902	0.0247867993340636
ACTN4	2348.26199471717	0.337468024738912	0.0881843467772719	3.82684724751954	0.000129795003037487	0.00480702711757109
ACY1	924.178708642204	0.745746992876138	0.248784258840037	2.997565024223	0.00272145795188867	0.0444200385167332
ADAMTS5	9.2685179202838	2.38236376223301	0.801487914721967	2.97242630671412	0.00295456128016136	0.0468110295332406
ADD3	99.9773013549641	1.12376726586084	0.357503321971975	3.14337573050281	0.00167011312906143	0.0320988598174905
ADK	6816.40470486126	0.63872036870567	0.199436091277421	3.20263180357457	0.00136177968049562	0.0275272870292626
AFF1	835.313763147484	0.745531679926311	0.247029649765512	3.01798460481968	0.0025446183136082	0.0427777309126392
AFG1L	219.855203667619	0.619951723001563	0.139353877990721	4.44875831186299	8.636813496708e-06	0.000594374156522433
AGAP1	794.145621590712	0.534997188115765	0.125665847117922	4.25729981841235	2.06910788330086e-05	0.00115238252798191
AGMAT	4421.20638743992	0.694823101433383	0.169386218053159	4.10200492944075	4.09585545081494e-05	0.00197249910027365
AGPAT5	336.779739654283	0.762155664568791	0.114485046305634	6.65725078657092	2.78996909421167e-11	9.69314976731825e-09
AGXT2	2351.48338849474	0.574270592100265	0.145490208339075	3.94714255107731	7.90894707937206e-05	0.00335486499366852
AHCY	32290.0238109772	0.733133361095312	0.149670086272333	4.89832924771176	9.66549799003804e-07	9.21823180853824e-05
ALDH1A1	18299.091329529	0.701651922850325	0.156694549667377	4.47783234541185	7.54047818359481e-06	0.000528993546418343
ALDH1A3	109.029747214943	1.18089859703717	0.380653289721741	3.1022944735363	0.00192026836901744	0.0350695319658355
ALDH1B1	3714.35274777577	0.810292065251674	0.204598336623886	3.96040397308428	7.48230772798146e-05	0.00319245129727209
ALDH3A2	3909.16372598504	0.640550461855114	0.153733139999349	4.16663877325232	3.09123742677012e-05	0.00157717959900104
ALDH8A1	5170.31153494897	0.63408385605011	0.161271036589078	3.93179004402241	8.43156891283026e-05	0.00354563266789681
ALPL	589.297978274754	1.63057795390795	0.30464221739851	5.35243594217591	8.67780273398095e-08	1.1724675693912e-05
AMD1	625.21164618154	0.719081602095504	0.194553141493711	3.69606780221922	0.000218964518318259	0.00713198716808045
AMOT	102.640066847099	0.863438877805658	0.283276471516381	3.04804304142756	0.00230336933444516	0.0403006778515872
ANKRD33B	65.2895606382699	1.95377730076765	0.490651678127193	3.98200472527717	6.83364208685346e-05	0.00297177316241279
ANKS4B	285.524830395515	0.756133239946748	0.197768970786299	3.82331584646711	0.000131668939502206	0.00483820716558411
ANO1	1601.16081271075	1.1593620983005	0.23757961859994	4.87988870902579	1.06145721270092e-06	9.80302762514675e-05
ANXA2	1052.32075797348	1.1158155297805	0.357601977419358	3.12027225865136	0.0018068395429593	0.033976034292348
ANXA4	531.003767222254	1.10325884730127	0.365074125624823	3.02201325665861	0.00251099551268831	0.0426075935488196
APLF	167.587165536748	0.802787424546457	0.214205763097064	3.74773961699007	0.000178435346474513	0.0060977250017707
APOB	2234.50582645342	0.728764061706357	0.232276923063469	3.13747940214976	0.00170407247015321	0.0324500020604313
APOC2	58.7581936053567	2.61939367256229	0.799184293627036	3.27758402342266	0.00104699564353476	0.0229051880516629
APOC4	1872.82544993218	1.07375817401114	0.216154780030991	4.96754304418894	6.78065106506176e-07	6.77693563982063e-05
AQP9	1393.63075016308	0.597247129429197	0.18730716880812	3.18859728236577	0.00142964895820171	0.0285382183284259
ARHGEF12	1677.24638770746	0.495396855303819	0.155424566499286	3.18737807324748	0.0014356897443579	0.02858060675262
ARIH2	1229.92039989366	0.291560485894539	0.0966455074397303	3.01680330124358	0.00255455516111279	0.0428953612324026
ARL5A	718.005275111972	0.590122433525637	0.17701192732112	3.33380039671048	0.000856681103275815	0.0197315762266833
ARMT1	836.090112657316	0.569302268261849	0.17077715486237	3.33359733461219	0.00085730669734904	0.0197315762266833
ARV1	285.131955956795	0.675740895887234	0.159561784247206	4.23497956653783	2.28572489260871e-05	0.00122173251402734
ATP5MG	2915.31428602877	0.356348305742106	0.117631014430637	3.02937373673872	0.00245061315774869	0.0418911427373415
ATP6V0A1	739.614636405087	0.449659501699347	0.120677948774062	3.72611157437898	0.000194456354814019	0.00650804387487652
BAG3	773.802755662541	0.685477909096592	0.217673890651694	3.14910486987823	0.00163771413397476	0.031568724759524
BBOX1	844.094085815385	0.657481095992727	0.193401976519673	3.399557273531	0.000674950424992288	0.0163602601353612
BCL2L13	825.514086481249	0.376809806888504	0.120201716878377	3.13481218633315	0.00171964169947496	0.0326307043936782
BCL2L14	53.2234199524317	0.971994589220742	0.276534354970423	3.51491441027175	0.000439895738580097	0.011953368002534
BCL7C	637.745413444574	1.01216019780447	0.325368764981778	3.11080935461386	0.00186575352620148	0.0345528051158156
BCO1	638.217192055046	0.881348068715738	0.257358067742184	3.42459856202626	0.000615708463226198	0.0152020607367118
BCO2	382.165473564916	1.16842428131648	0.269790654306372	4.33085528600122	1.48531278345647e-05	0.000899322993203186
C11H10orf90	633.682595487827	2.83540818819093	0.785613926455052	3.60916232860742	0.0003071873488705	0.00928049232860938
C3H11orf54	2090.37447367804	0.627032770172333	0.160250430933675	3.91283047739105	9.12205739700665e-05	0.00377079494439436
C5	15477.727914432	0.83448499877677	0.200378847540743	4.16453637206938	3.11985890214027e-05	0.0015862362752624
C6H15orf40	69.0898655829328	0.730300080338816	0.232434655287128	3.14195866978903	0.00167821723557402	0.0321371993457955
CA2	832.818699104343	1.55067036078791	0.229854455477392	6.74631412981434	1.51648114920297e-11	5.39719339735847e-09
CAPN13	64.3132374933865	3.96771859847177	0.943141392967278	4.20691810163127	2.58876905007322e-05	0.00135882438772189
CAPN7	344.593941203415	0.46001006727845	0.154501866341989	2.97737547234686	0.00290727721783217	0.0463133069460776
CARMIL1	116.68261519736	1.14911939539436	0.331539793930254	3.46600744897638	0.000528248644168921	0.0137156658642578
CARNS1	108.446772229434	2.21997487138308	0.547544752057715	4.05441721985325	5.02594440496943e-05	0.00231024923428821
CCDC157	57.8257128334151	1.7848782384622	0.488946238321181	3.65045908644406	0.0002617720062265	0.00825005856340625
CCL25	10.5392756121741	3.71055370504628	1.07077949228271	3.46528275129368	0.000529674276543276	0.0137235021822669
CCNYL1	1114.16984914693	0.709840499657108	0.212219135632023	3.34484681385157	0.000823280278250157	0.0191294678666024
CCT6A	1395.23957017316	0.545775674626054	0.171049562460494	3.19074580943232	0.0014190606972765	0.0284045729693535
CD59	106.691416796054	2.56216809131339	0.546703589768721	4.68657630800869	2.77813265624677e-06	0.000222739075384357
CDC42BPA	1135.31588761634	1.04768697266539	0.164271744068559	6.37776739150062	1.79688148387305e-10	5.35103971687255e-08
CDKN2C	153.39049670686	0.863208645511835	0.271762750148772	3.17633172699086	0.00149150290694938	0.0294506230286947
CEACAM1	1768.85280064558	0.778524826846658	0.252667340837245	3.08122460254229	0.00206151080550861	0.036901573557987
CEPT1	1329.59701001758	0.803503876014293	0.201503489734554	3.98754322852061	6.67610426048853e-05	0.00293426847497134
CGNL1	883.167318146749	0.703482749806695	0.226233054131325	3.1095489229365	0.00187373251451922	0.0346533648312604
CHCHD2	9295.72377722034	0.441705642236053	0.109057040385867	4.0502258329513	5.11682279194406e-05	0.00233327119312649
CHCHD3	1217.65123154799	0.547212349199514	0.162001959839798	3.37781314337583	0.000730647105921959	0.0173925001135616
CHIA	19.4130939413165	5.06003469750113	1.7011225854225	2.97452678652456	0.00293440834827145	0.0465929125331633
CHMP4C	413.80765922524	1.06285366126103	0.18600675853976	5.71405936862146	1.10312484772964e-08	2.01209972225886e-06
CHORDC1	956.765877884794	0.764787017865069	0.218698540540271	3.49699186823902	0.000470536175140418	0.0124385214993641
CIDEC	209.013832857075	1.50056496427461	0.468984096666239	3.19960735330117	0.00137614926118686	0.0276214168077561
CILP	18.7500568279359	2.74510417488584	0.798507559988285	3.43779359449786	0.00058647455589936	0.0146850733221427
CIPC	255.522234007754	0.865755422268103	0.161132179896068	5.37295171471351	7.74580761461598e-08	1.06629079917431e-05
CKAP4	26.3071340010463	1.46689349234591	0.453984861783367	3.23115067445991	0.00123292927565867	0.0258861927919587
CKMT2	361.978381176701	1.12885638878835	0.310916065471567	3.63074319455386	0.000282606272736528	0.0087356598732075
CLIP4	138.294038670094	3.37197985857207	0.534163841443568	6.31263218689486	2.74328964478325e-10	8.00601649933542e-08
CLPX	7327.7414100556	0.616671164021342	0.189771960883847	3.24953781975613	0.00115592706590704	0.0247684107866602
CNIH1	680.569504060452	0.595987676064506	0.161126782498422	3.69887405944039	0.000216558016686732	0.00708523448316771
CNN3	1261.38090433678	0.60516799873639	0.118996148632242	5.08560996042541	3.6644644598329e-07	4.02044100735952e-05
CNTLN	40.137046378469	1.2577056006172	0.396351362761593	3.1732087202983	0.00150764097329825	0.0296801353916704
COBL	429.012366611785	0.693719093162431	0.196108389224492	3.53742690919921	0.000404046000472438	0.0111663621948747
CPB2	2479.14140603359	0.606915178911519	0.197247095636771	3.07692834184565	0.00209145572049674	0.0371723774342125
CPOX	1528.0402992056	0.559971898838595	0.174510467346323	3.20881553613232	0.00133282972560923	0.0271629208883937
CRYL1	390.569659463528	0.838794791175511	0.171613107815169	4.88770818181855	1.02016594964501e-06	9.54247534437177e-05
CRYM	493.882831049973	1.05190104035647	0.248356062651172	4.23545545507344	2.28088917774811e-05	0.00122173251402734
CRYZ	649.385023785368	0.847184111261613	0.164298212878013	5.15638056203706	2.51768948552012e-07	2.93904999781676e-05
CSRP2	593.316243325486	0.660717968960536	0.191856529914554	3.44381277642619	0.000573572736162304	0.0144054619037527
CTH	8721.05876425712	0.771160184964	0.179196794298821	4.30342623025971	1.68176861981282e-05	0.000985556935755369
CTNNA2	79.6687084006433	3.87260326664111	0.972051590832364	3.98394828336736	6.77796292877653e-05	0.00297009114284406
CUL4A	2909.63616678213	0.319158360295611	0.087788325089114	3.63554447555109	0.000277394128473295	0.00861220238868578
CUNH12orf73	187.789392311203	0.600153539397661	0.185189037537436	3.24076169614705	0.00119210794743486	0.0253574914999555
CUTC	140.087014285112	0.750299249671638	0.223206880085047	3.36145216216344	0.000775337858711836	0.0182774313963217
CUX2	4388.37402113658	1.94779690939352	0.543330618729208	3.58492019821965	0.000337181288806486	0.00993969568942272
CWC15	465.577660614902	0.457222569032925	0.130051546207657	3.51570267609788	0.000438591854921991	0.0119401722892196
CYFIP2	1445.28416568456	1.54622885669527	0.397525410780254	3.88963526547993	0.000100394997668456	0.0040246258405992
DAB2	794.304981624842	0.964432529678725	0.190584606128465	5.06039049674685	4.18398695147744e-07	4.52242500710806e-05
DAO	1878.36594422038	1.333148594842	0.393810015973164	3.38525822292151	0.000711113241661249	0.0170386936327109
DDAH1	396.584811129391	1.24355407072199	0.411103275150156	3.02491890940977	0.00248699797384347	0.0423457111252322
DDT	3202.95952942701	0.572196708807458	0.136437053745863	4.19385125299812	2.74257860461299e-05	0.00143238230760815
DENND5B	2827.89389819924	0.766262534832	0.193022992869241	3.96979926298773	7.19332083683836e-05	0.0030872040485631
DENR	423.367729796396	0.463762256774479	0.134905555745882	3.43768093323048	0.000586718595587252	0.0146850733221427
DERA	683.971870293759	0.686534603442183	0.195783177158429	3.5066067136434	0.000453859409506375	0.0121741112197004
DIMT1	113.196135253616	0.778794481104963	0.201367928902707	3.86751994395914	0.00010994783888002	0.0042555938061996
DLG1	1342.04563348033	0.460820095759412	0.137173732676126	3.3593902182966	0.000781146807507514	0.0183550631483891
DLL4	39.6949704446813	0.933117571574444	0.315408549548903	2.95844095827138	0.00309199467086712	0.0477949006750985
DMGDH	8881.34784963903	0.729816111951289	0.212949021623165	3.42718696892053	0.00060986899993122	0.0151090126434573
DNAJB6	915.636430888289	0.410106684254188	0.127709477076556	3.21124707141622	0.00132160253471182	0.0270095576841945
DNAJC10	801.013807318774	0.892578720788814	0.20944094308953	4.26172030942041	2.02859233310712e-05	0.00114290422103085
DNMT1	312.956726862686	0.529880168191188	0.175950275080326	3.01153361624063	0.00259931620126567	0.0434469897008805
DPYD	9804.87140012263	0.676892795837473	0.219811060857439	3.07943009417747	0.00207397036142173	0.0369967915817431
DQX1	16.379062445074	1.78348322828188	0.564525553829862	3.15926040226585	0.00158170095787062	0.0306509699565048
DYNLRB1	1163.17361175442	0.348753642469946	0.118693268564018	2.93827650623542	0.00330042522203999	0.0499583037759414
EEPD1	299.95588818109	0.951390229368448	0.275756963870498	3.45010409171478	0.000560370439479159	0.014196051133472
EGF	2268.95740673779	1.03237314694214	0.265374525513504	3.89024961964409	0.000100141156278796	0.0040246258405992
EGLN3	671.232300496779	1.48469610182784	0.255252223510361	5.81658440192816	6.00622225672311e-09	1.2005862352069e-06
EHHADH	8052.01938256425	0.646829484317041	0.139947107358341	4.62195679872686	3.80137189266141e-06	0.000287407350558111
ELOVL6	4255.099366352	0.725922734179179	0.199314207910442	3.64210229561436	0.000270420565471949	0.00844962931770168
ENPP5	74.6100521931522	2.24696929317052	0.466040654193128	4.82140189477843	1.42552825025071e-06	0.000126068534713081
EPPK1	305.127141949514	1.64148526261684	0.325658900598445	5.04050483373977	4.64305399406129e-07	4.90054210414489e-05
ETFA	7221.22665869474	0.47046751530362	0.134082506569712	3.50879117149421	0.000450148199715744	0.0121365617432239
ETNK2	12959.9412382987	1.19367865696949	0.300112188723582	3.97744144296959	6.96607699193942e-05	0.00300736672977456
ETNPPL	8407.46220052219	1.35292996355216	0.224986677751663	6.01337811230539	1.81696559192058e-09	4.34641998644345e-07
FAAH	3145.37740279141	0.932548988055675	0.245986253051875	3.7910613966668	0.000150004863664642	0.00535176276428964
FABP3	83.1327136807396	1.2335098937084	0.382751376611113	3.22274449965385	0.00126968753000551	0.026392137375841
FAM13A	3147.37314888971	0.751815684221744	0.160225559251552	4.69223317262013	2.70238870675653e-06	0.000217863292867355
FAM168A	475.815740431133	0.423694532165601	0.13899142967625	3.04835005404652	0.00230101714532757	0.0403006778515872
FAM169BP	118.686752475591	1.39702179877831	0.408311525357438	3.42146060549074	0.000622857476624515	0.0153525950995016
FASTKD1	134.67201324491	1.12657229767247	0.255030103645747	4.41740908844766	9.98910627845855e-06	0.000665575519704416
FASTKD5	316.355152943011	0.751584265259827	0.217085460382522	3.46215846945934	0.000535861538215333	0.0138150027661451
FBXO22	974.125034616934	0.460383177536741	0.139136108219021	3.30886916006037	0.000936736019044991	0.0211920185889992
FGFR4	71.848596679373	1.46576402757785	0.485154386205976	3.02123214641112	0.0025174826625815	0.0426161334250455
FGGY	1538.4106723636	1.2488023226784	0.224374468381644	5.56570599001611	2.61093147024887e-08	4.0530544695608e-06
FGL2	107.706721823617	1.88941943798629	0.485658920754311	3.89042465245301	0.000100068946472049	0.0040246258405992
FIRRM	237.143374147156	0.989164768119658	0.23349612761971	4.23632193905455	2.27210944069772e-05	0.00122173251402734
FLVCR2	1073.33955449514	1.16002797831859	0.241303380280371	4.80734242914767	1.52949884151863e-06	0.000132847899377618
FMO3	1643.89312297075	6.34258367670456	0.609798749923846	10.4011096734728	2.45062507908066e-25	4.46994014424313e-22
FMO5	9328.33252351746	0.845185750151001	0.227699988431224	3.71183923185084	0.000205758667587403	0.00680823237513692
FN1	27330.7300054022	0.556897570033118	0.174484786298292	3.19166835027707	0.00141453650385957	0.0283529075059324
FOLR1	499.578271492665	1.77039152253079	0.250625515852528	7.06389178495504	1.61902847017844e-12	7.15416185558467e-10
FRAS1	112.787443806385	1.81200845891578	0.558262810625511	3.24579825922041	0.00117121805555039	0.0250225678866636
FZD4	385.481031041591	0.694984138257677	0.203547910121609	3.41435162779349	0.000639340051560228	0.0156611799494151
GAD2	78.1435667845617	1.20346392640049	0.354228609014837	3.39742159659973	0.000680240774807912	0.0163796590528004
GAREM1	333.539020230421	0.758182187947171	0.178755719300983	4.241442964242	2.22087330364695e-05	0.00120921579279165
GAS2L1	723.183802446443	0.856423235229964	0.290408769242001	2.94902677169606	0.00318776360368268	0.0487558495108633
GCNT2	326.497896919334	1.38204439624471	0.282530685427702	4.89166121602876	9.99884445751224e-07	9.41875622252704e-05
GDA	440.192558673297	1.26658816441164	0.3360684715605	3.76883960143707	0.000164008233410293	0.00575295645813391
GGT1	5083.6203973036	1.80299058337028	0.203939079267632	8.84082928021948	9.50107400978618e-19	1.15533059959e-15
GK	3651.06670473279	0.821786774496717	0.237183729706957	3.46476874915511	0.000530687598976241	0.0137235021822669
GLO1	1287.31667225608	0.554325032987917	0.158021080794055	3.50791824864403	0.000451627811579671	0.0121365617432239
GLRX	1561.84202033425	0.697487900551475	0.185661721523539	3.75676738763324	0.000172122348854658	0.00596581784913816
GNMT	23783.6689456613	0.694200096025563	0.210651638424128	3.29548870931568	0.000982506515142767	0.0219551838728381
GNPAT	793.322694896573	0.504642429830261	0.152196305933091	3.31573376066114	0.000914028618632142	0.0207104124271432
GNPTAB	312.112226602798	0.631682503507438	0.170105592863201	3.7134728663239	0.000204434392575083	0.00679155313649472
GOLM2	275.735255512056	0.992886912500007	0.259520380979924	3.82585332508747	0.000130319870300646	0.00481424695551145
GP2	10180.0951223125	1.55713099210037	0.265055941604493	5.87472585098231	4.2354368021506e-09	8.82907054528308e-07
GPD1	1537.20208353574	2.02697124615438	0.326264932565267	6.21265433038501	5.2096970871537e-10	1.40777592399531e-07
GPD1L	1102.45347495059	0.764217383294903	0.184163789791392	4.1496614734121	3.32967336315431e-05	0.00166671167360796
GPD2	1584.83780629198	1.23620706396894	0.266404696426629	4.64033510125977	3.47844650334395e-06	0.000266591266025983
GPI	3713.113955758	0.596342370821786	0.179289228206712	3.32614723587427	0.000880554016595154	0.020139567727518
GPT2	29511.6018276224	0.668091215912304	0.187497050036058	3.56320921200531	0.000366348474651455	0.0104818763570863
GRB10	495.065424887733	0.448031431617532	0.1348286093284	3.32297005694295	0.000890644742072007	0.0202922186846021
GSN	10326.3065276795	2.2632312273102	0.595361622558329	3.80143956472181	0.000143857830020684	0.00522182451657171
GTF2A2	1070.48169438616	1.47546914406801	0.277205279685651	5.32265888204286	1.02261399071893e-07	1.35654394114278e-05
HABP4	102.449064258751	0.827265531050242	0.193253229424238	4.28073328199962	1.86278505133112e-05	0.00106595135172642
HAO1	5215.95657786554	0.853946738015354	0.220472251438566	3.87326174810395	0.000107388384887585	0.004186283956103
HDGFL3	106.807793547365	0.780138581110924	0.250965703027909	3.10854659301462	0.0018800999864537	0.0347271126611802
HEATR3	373.53533368455	0.634515419816456	0.183662188427957	3.45479614093431	0.000550709050150574	0.0140488574471979
HGD	19502.2411887066	0.734748798428951	0.189069009312768	3.88614083873201	0.00010185043102674	0.00406140164553991
HHLA2	32.6381371947366	6.49623107015861	1.39782216496809	4.64739452053752	3.36153882954594e-06	0.00026091263085497
HMCN1	107.893947499367	2.07290310679303	0.509110817245461	4.07161473804161	4.66883547201902e-05	0.00218357843614428
HPGD	1373.99249590301	1.2886003977251	0.355003384682542	3.62982566737333	0.000283612702070283	0.0087356598732075
HSPA4	4115.83971398682	0.460715890647472	0.134453875903607	3.42657203112366	0.00061125161734886	0.0151175993226348
IAH1	415.126039706634	0.662298298392697	0.182755183508459	3.62396450638591	0.000290121436562464	0.00885659414711187
ICAM1	388.312741109803	1.02125976976307	0.315642772227719	3.23549233380289	0.00121433146272615	0.0256938175923539
IDH2	3865.16373542644	0.785260696540841	0.176908297779658	4.43880081599617	9.04614848739466e-06	0.000613959994084014
IDO2	488.74209504602	1.39164264887475	0.285002325438943	4.88291682087655	1.04527972344356e-06	9.71510937865502e-05
IDS	4908.04178301834	0.942315028096869	0.312115776801518	3.01912014110107	0.00253509978592268	0.0426976131480213
IFT88	235.25963340647	0.926284946082973	0.23954879326746	3.86679028288304	0.000110277181974348	0.00425704931050183
IGSF11	439.306641032429	0.98684769536438	0.274411058853674	3.59623879404439	0.000322851451798174	0.00962583595368349
ITGB3	540.493934351712	1.13145794987266	0.262177415737565	4.31561943155787	1.59155973044099e-05	0.000945321331663791
IVNS1ABP	2508.46261639495	0.798500115966731	0.150748280264495	5.29691028359145	1.1777852517489e-07	1.5209064065062e-05
JAG1	126.698112206111	1.26814039575762	0.29183019034772	4.34547362713435	1.38975469410725e-05	0.00086294895729417
JCHAIN	1747.06578180751	4.74196472416593	0.597449471278493	7.93701384322679	2.07106942805391e-15	1.51105225470813e-12
KALRN	433.004941686245	0.737408573914346	0.172897841677708	4.26499583082663	1.99905934621959e-05	0.00113503011595472
KCNK5	1448.44577165125	0.766435276410647	0.233159733535616	3.28716826352683	0.00101200345489286	0.022441451720372
KDM1B	2054.9319395749	0.700945977882474	0.157402910502288	4.45319578682306	8.46015441127797e-06	0.000585073806489897
KIF21A	1799.47040668921	0.343902263035777	0.113849952915193	3.02066232115134	0.00252222474996338	0.042646933431594
KLHL2	571.394998119776	0.807134925978966	0.181881749574517	4.43769057570167	9.09292046295296e-06	0.000614277293497267
KMO	3152.93611105935	0.979045833369385	0.193531211410225	5.05885240026798	4.2178717916318e-07	4.52552832231553e-05
KYNU	1985.8304391919	0.725043425478695	0.19896621797854	3.64405290930794	0.000268378212213975	0.00840380873954145
LCLAT1	284.793975263206	0.822037033840382	0.172969373658968	4.75250049445828	2.00916278384532e-06	0.000166647618055733
LIMD1	540.893153054959	0.838323884338215	0.195030839677855	4.29841703867413	1.72022264955962e-05	0.000996090829459284
LIN7A	147.602924906037	3.28212881312554	0.434313215129923	7.5570549059708	4.12297959597253e-14	2.73465992111051e-11
LMAN1	4925.94192706864	0.429242401208602	0.121438892174011	3.53463699745826	0.000408335699745252	0.0112575669206288
LOC101536892	145.805622552658	7.52355372751852	1.3411236506863	5.60988818866066	2.02457377378534e-08	3.24643741835997e-06
LOC101537355	3194.50288411673	3.71605858807774	0.525084799717415	7.07706372395014	1.47240838321965e-12	7.15416185558467e-10
LOC101538051	54124.1294294326	0.617536430939299	0.188389401490662	3.2779786232821	0.00104553313118245	0.0229051880516629
LOC101538361	309.358649924568	0.526682562681454	0.178104088745095	2.95716154745469	0.00310485400580101	0.0479118806816329
LOC101539226	1824.72654379703	3.46490901074536	0.906927389779874	3.82049219131683	0.000133185622148307	0.0048707884671381
LOC101539346	17.8565603827927	3.42204416929232	0.949868758417559	3.60264945969304	0.000314990179220916	0.00947698287668371
LOC101539422	34.9885110730198	2.61140086866764	0.536913495877829	4.86372737641492	1.15195553541738e-06	0.000105719089137172
LOC101539678	7.8149408714246	4.40632206274463	1.26438423379019	3.48495492508316	0.000492219951528374	0.0129647536691372
LOC101540969	501.081231792296	4.84759348895309	0.593665822143217	8.16552563435874	3.20038565524445e-16	2.74706044007806e-13
LOC101541249	5014.00171567559	1.49799378306839	0.394509181117039	3.79710753201451	0.000146394295485998	0.00527471234872174
LOC101541673	162.041537730622	0.966136858315577	0.324480066410423	2.97749217387532	0.00290617064001779	0.0463133069460776
LOC101542200	38966.6289525165	0.972939856489912	0.330624963127892	2.94272957276236	0.00325332469703298	0.0495276720299566
LOC101542729	58983.6426610842	4.50429362391055	0.51501980912556	8.74586480772124	2.21313967044152e-18	2.48416415931405e-15
LOC101542879	24992.3207380322	1.60522546797628	0.33025927533917	4.86050078783628	1.17089177953742e-06	0.000106785330293812
LOC101544097	8029.32568006693	1.16131404927513	0.338561390606303	3.43014319262875	0.00060326280123662	0.0149962705206895
LOC101544915	16386.2166896817	0.500883944641544	0.158339637248186	3.1633515987942	0.00155963844625362	0.0303848387286152
LOC101545606	3409.84286330283	0.528735723977696	0.154238121749559	3.42804825409	0.000607937390821612	0.0150867728007976
LOC101545907	10183.6376642151	4.12214939655553	0.363790383147924	11.3311115068135	9.20293893295248e-30	2.68578569819285e-26
LOC101546026	73.9560721622131	1.60299893423588	0.449178697785818	3.56873320604407	0.00035871147624516	0.0103594282141135
LOC101546292	4716.18798922949	1.15844217091093	0.30863381159048	3.75345191423176	0.000174416002675029	0.00600254318640099
LOC101546424	9.8968731651216	3.61302674780709	0.931067338734075	3.88052141611963	0.000104232765910306	0.0040996348252377
LOC101546676	2070.57809649172	0.69190255960892	0.178099262185678	3.88492659159685	0.000102360812375224	0.00406140164553991
LOC101546748	246.76030445972	0.588765409805379	0.169946208256883	3.46442215948371	0.000531371897819408	0.0137235021822669
LOC101547971	2755.16313830869	0.717331706796657	0.216834361282929	3.30820125810536	0.000938973045718411	0.0212097440915218
LOC101548016	41.1428211955632	2.7672945368948	0.682656042156889	4.05371719578044	5.04101526997158e-05	0.00231024923428821
LOC101549522	6023.13741269503	1.72794465791978	0.529229099831766	3.26502200742376	0.00109455571915591	0.0236618623021083
LOC101550549	135.357010778454	3.71695967718773	0.504340163270283	7.36994581808818	1.7069739790498e-13	1.03784017926228e-10
LOC101550604	1900.30948722573	1.87278369502823	0.615157223003876	3.04439844806379	0.00233146127985577	0.0406224470146136
LOC101551148	36.558554384298	1.17299667791881	0.377650176009499	3.1060403315933	0.00189610852165966	0.0348463671889896
LOC101551431	9.36578444008758	2.63324030587811	0.808609012378468	3.25650625403322	0.0011279244567623	0.0242753299012912
LOC101551513	1454.49000529587	1.25969323893979	0.338603443131987	3.72026116240278	0.000199016871769617	0.00664543293561156
LOC101551558	53.4289206964944	19.5768747026739	3.63051066507956	5.3923198438655	6.95538205305091e-08	9.75893604981912e-06
LOC101552590	8.10936584844673	2.53300072484022	0.654194506160742	3.87193824005889	0.000107973314015552	0.00419028350562482
LOC101552778	62.1002729771056	3.280857402621	0.498227784682696	6.58505507618462	4.54716798709239e-11	1.54307616901517e-08
LOC101553388	6560.07550544982	1.59207348698741	0.407773518547106	3.90430818720145	9.44953029931062e-05	0.00385160743373018
LOC101553725	5054.52809354734	1.50443322591369	0.266667017025736	5.64161718495728	1.68460323605293e-08	2.82548625522809e-06
LOC101553824	1305.05016565473	8.58361465853142	0.683521404459463	12.5579310355606	3.59613641985452e-36	1.74916075461724e-32
LOC101554449	79892.6125283325	1.07572412173645	0.254239377387941	4.23114677509226	2.32502887861617e-05	0.00123820516046595
LOC101555380	2801.68621249087	5.98648976885185	1.72962218544562	3.46115459157891	0.000537863848789289	0.0138240334300756
LOC101556212	1054.47101750177	4.529480826894	0.417993975506196	10.8362347122557	2.31816791439373e-27	5.63778436780555e-24
LOC101556485	1263.31013145304	4.25724170221131	0.585040493493115	7.27683254332106	3.41749032135579e-13	1.91800072189322e-10
LOC101556515	11197.328458209	0.700755128938827	0.164779758392399	4.25267724492034	2.11229910279264e-05	0.00116177248524916
LOC101556749	397.848276590304	3.30473215438184	0.460468872028776	7.17688502986435	7.13176109895319e-13	3.58850544675603e-10
LOC101558522	2888.0747106597	0.784469558012168	0.218030421691745	3.59798211609783	0.000320695664172521	0.00962415863864803
LOC101558657	8.78279715777729	4.05517463815344	0.776498590697985	5.22238505868799	1.76633195694391e-07	2.16590890048114e-05
LOC101559375	15.8879559876881	1.83723012723025	0.585560393602478	3.13755873399713	0.00170361138136133	0.0324500020604313
LOC105942791	76.5615311627727	2.00235602301642	0.578542863291308	3.46103314044027	0.000538106564438248	0.0138240334300756
LOC129399182	13.9290808909729	1.93748007952454	0.611921720564268	3.16622210719689	0.0015443282616525	0.0301727216301002
LOC129399659	20640.0551729339	2.32865150647551	0.774043560809216	3.00842436314701	0.00262606161336432	0.0436346077606319
LOC129399828	629.269279466322	4.56260573304013	0.6575802267812	6.93847769020322	3.96347567654226e-12	1.60652880755846e-09
LOC129399844	104.872201530638	4.29095061715866	0.731008933655606	5.86990174757593	4.36053476945937e-09	8.96182019097904e-07
LOC129399856	89.8321191450752	6.91031352952474	0.870185634685736	7.94119467626051	2.00243100287333e-15	1.51105225470813e-12
LOC129399857	190.643980884493	5.88359207691579	0.560336180891829	10.5001109647274	8.62786444266138e-26	1.79853997067593e-22
LOC129399889	28.3033687440437	3.42927720007179	0.612635869912933	5.59757821650103	2.17366794301746e-08	3.44762637222943e-06
LOC129401644	18.1212423977608	4.17496971004262	1.12598045748207	3.70785272719451	0.000209024153586184	0.00688505744724514
LOC129401654	7.84446735149749	4.65088165889493	1.40937658786425	3.29995666093958	0.000966997604483685	0.0217083523763476
LOC129402018	137.384096396921	2.31892026778378	0.7207055773571	3.21756947724408	0.00129281711504537	0.0266828675286309
LOC129403555	1772.16080969956	0.8654752628791	0.254695744580212	3.39807508093852	0.000678617930239587	0.0163675914678612
LOC129403690	1092.33486214534	3.3140213602865	1.10715640446905	2.99327298917246	0.00276002751805255	0.0447990228514159
LOC129404417	1838.99874638346	2.13590163079756	0.33231214153327	6.42739570375798	1.29808598773485e-10	3.94618140271393e-08
LOC129405631	3644.17609299347	2.11169804509455	0.347765452145889	6.0721904147301	1.26177189468088e-09	3.21306649564147e-07
LOC129406451	15.1162126562801	5.61867013728573	1.86714915260914	3.00922405124102	0.00261915886893301	0.0436044896069553
LOC129406846	105.511928750658	2.41500872368355	0.564541251369383	4.27782507978924	1.88728228383887e-05	0.00107575090178816
LOC129407030	108.378222852519	4.00731409451417	0.712630636063697	5.62326946347558	1.87376769751252e-08	3.07213688113513e-06
LOC129407044	229.09824742874	2.80396103682341	0.786128928486778	3.56679538841137	0.000361373421433822	0.0103802381211857
LONRF3	21.1503596151136	1.52975049671666	0.469380837034816	3.25908170086455	0.00111773474226205	0.0240915588760529
LRP2	9.08208600949511	4.01804218860453	1.20014592147236	3.34796137429281	0.00081408356743612	0.0190065718656446
MAGOH	113.235989536047	0.560701250892735	0.190150639126817	2.94872135832679	0.00319091531543822	0.0487558495108633
MAP3K5	209.691757565174	0.944601843694023	0.216229892466191	4.36850720740066	1.25098689501098e-05	0.000797135404890838
MAPRE3	700.158167996739	0.4104868597775	0.13865421003791	2.960507723965	0.00307132420239415	0.0477275813620067
MARCHF6	1797.12550778352	0.388316187760589	0.110303227971549	3.52044264616399	0.000430827155297341	0.0117507100001847
MAT2A	211.769949061192	0.801980487506007	0.208769456156503	3.84146465805231	0.00012230234746866	0.0046354178032797
MB	416.950198991695	1.14999853998272	0.331614711847415	3.46787551606537	0.000524590235872753	0.0136449567234496
MDH1	12162.6622464623	0.500238159105174	0.165136455178408	3.0292412330441	0.00245168831535702	0.0418911427373415
ME1	4989.83850654972	0.63139187647348	0.154184848701352	4.09503191650468	4.22110233832697e-05	0.00201288644839435
MIA2	987.609204472253	0.793224650716468	0.179735272153529	4.41329429227947	1.0180945239907e-05	0.000675274331548742
MINPP1	732.650005855042	0.670591503673187	0.13650338745493	4.91263635413149	8.98598482505009e-07	8.68367487199542e-05
MKRN1	1646.22766195911	0.356296228301261	0.106202161659404	3.3548867813437	0.000793974727235713	0.0185965958584647
MOSPD1	1176.84870361114	0.50986184092399	0.17172211450306	2.96910996233339	0.00298663698689315	0.0469622919318371
MPP7	220.473589795724	0.737857303587772	0.195350828948924	3.77708816265475	0.000158672576513407	0.00561978212738745
MPV17L	796.443510803852	0.931150186793505	0.245079139085415	3.79938574237026	0.0001450551679966	0.00525222087197613
MRPL48	407.669341633007	0.520841958869163	0.162627197084688	3.20267438783892	0.00136157834849198	0.0275272870292626
MSRA	961.319140161316	0.770456028209411	0.166205131633602	4.63557304540917	3.55949997400902e-06	0.000270521998024686
MSRB1	3495.11370336898	0.887554127492124	0.228025236871339	3.89235042432131	9.92777077170151e-05	0.00401290944877198
MTARC2	9242.81114541687	0.46576963514881	0.15706689649683	2.96542203059452	0.00302267954460439	0.0473250428271108
MTTP	850.97471725357	1.23722729480625	0.234705778083744	5.2713968309924	1.35389384647767e-07	1.71791469633062e-05
MXI1	86.8628566974777	0.833067105238339	0.205099794366972	4.06176470244424	4.87031531756479e-05	0.00226330067241737
MYO1D	1774.97258459216	0.446632870755535	0.15186511094153	2.94098406135886	0.00327171367961689	0.049626659057141
MYO3A	12.6888524486283	6.30602370073115	1.30128285694342	4.84600536085087	1.25972113468526e-06	0.000114172986318803
MYO7B	92.85303210862	3.43345527182752	0.603398844659731	5.69019198862356	1.26896614812883e-08	2.28601901648098e-06
MYOM1	49.2658213791664	1.20251128828787	0.397206814221931	3.02741857700355	0.00246652152928537	0.0420953007664703
MYOM2	86.9095930054802	1.12808855470859	0.348979103142288	3.23253898170698	0.00122695394530516	0.0257978558643991
MYOZ2	28.203914700276	1.47496302620463	0.490710329518855	3.00577130228915	0.00264908157211652	0.0437278261315886
MYSM1	5882.08326770402	2.10136522695199	0.494710281907224	4.24766839057951	2.16006799678215e-05	0.00118051356588184
MZB1	73.3697811979704	2.75086829956866	0.551276095710804	4.99000105568109	6.03789625271888e-07	6.07620566342578e-05
NAPRT	298.525794050444	1.61020446994487	0.420636188574693	3.82802172918355	0.000129177354539754	0.00480702711757109
NARF	1919.60844646467	0.389798686282768	0.113183446965924	3.44395489563173	0.000573271328961073	0.0144054619037527
NDUFB4	1269.34363263561	0.50176436640588	0.120348016529256	4.16927823886407	3.0556576898721e-05	0.00156449673721452
NNMT	956.554439239021	2.14690986611325	0.225755734988668	9.50987963260832	1.90883275373755e-21	2.53215341295803e-18
NPC1	1753.94979618605	0.423410581666367	0.142958452492983	2.96177367817513	0.00305872525244087	0.0476847423970268
NR3C2	114.311313448823	3.05593683545907	0.432504259076644	7.06568032875147	1.59830976269792e-12	7.15416185558467e-10
NRBF2	371.106778545735	0.660663262216812	0.146013229674652	4.52468083672218	6.04867154263972e-06	0.000434789237193097
NRG1	103.002162779059	2.76818966160703	0.462015049300966	5.991557343847	2.07841011773641e-09	4.81399372031899e-07
NSMF	390.150500326731	0.655161907848015	0.159982607042007	4.09520709758148	4.21791177616187e-05	0.00201288644839435
NT5DC1	321.683180558513	0.785342972414535	0.259888228863836	3.02184895348223	0.00251235878539677	0.0426075935488196
NT5E	105.464267412915	2.68782624042569	0.76051902484767	3.53419987220444	0.000409011655050673	0.0112575669206288
NUDT15	134.931239784198	0.898607314982467	0.292606716350482	3.07104131508083	0.00213313632251795	0.0377751519638131
NXPH4	31.2960128524462	3.35971998505832	0.552200501409214	6.08423928715081	1.17045689217186e-09	3.04987624474497e-07
OBSCN	163.828999251982	1.16189555201561	0.36521328947003	3.18141640930336	0.001465568096049	0.0290960131395198
OCIAD2	155.591431699066	2.12656307047131	0.44525285369687	4.77607959795152	1.78745663515963e-06	0.000150056400272012
OGFRL1	46.281802214666	1.10545162889898	0.355803854956678	3.10691301822342	0.00189052015648028	0.0347874780874656
OTC	11866.4829503561	0.467247991261322	0.140504272439637	3.32550735396363	0.00088257771932069	0.0201542630365063
PADI1	15.3416087340492	4.75047513413581	1.09139508460013	4.35266312004356	1.34493733801793e-05	0.000842288653920931
PAFAH2	1707.7958384214	0.574249168933044	0.166025507299886	3.45880086904839	0.000542585892248536	0.0138901988415625
PAG1	56.8492214655663	0.978002644532489	0.281495421439433	3.47431101909741	0.000512166997696887	0.0133934423483745
PAH	26941.4253234345	0.652278157907095	0.205660339072797	3.17162833071188	0.00151586875639202	0.0297706014714298
PAPOLA	1808.00273469131	0.37068832396672	0.121958631140139	3.03945953231283	0.00237003040723323	0.0409756915904589
PAXX	329.082923468928	0.585944951368861	0.14456077918106	4.05327748430973	5.0505037399804e-05	0.00231024923428821
PCYT1A	1898.40812866267	0.727482683243481	0.151723748013202	4.79478455264749	1.62849755401151e-06	0.000140609682296662
PDE6A	161.44445748038	4.30690316377827	1.26297669014326	3.41012086556383	0.000649340960027408	0.0158713287918257
PDK3	736.388143077166	0.688285349672234	0.158861498343487	4.33261272774878	1.47350172979071e-05	0.000897663936738731
PDLIM2	114.17518167818	1.65930129969357	0.385269551016148	4.30685813430406	1.65589734339918e-05	0.000974308630438743
PDZK1	831.261479240557	0.498559972765284	0.157130533810276	3.17290319504202	0.00150922837586482	0.0296801353916704
PECAM1	899.545801558961	1.27408210758765	0.301922079846276	4.21990371898719	2.44406676089112e-05	0.00129216747010591
PECR	1633.90544890785	1.31598297901905	0.227259283804723	5.79066763296602	7.0107187377171e-09	1.38243794352389e-06
PEX1	614.271184566892	0.879192720853657	0.167014567991678	5.26416785928199	1.40825739825319e-07	1.77149068580263e-05
PFDN1	527.134695286421	0.524478222712505	0.152168992475237	3.44668262686865	0.000567514845212631	0.0143521258602127
PGB	24.1090335065157	18.9854089846496	4.90166221358279	3.87325934701088	0.000107389443346893	0.004186283956103
PGC	70.5984666757421	9.65394891218441	1.61597967240878	5.97405343459191	2.31429943517566e-09	5.19009631008854e-07
PGK1	6915.6723933762	0.510868882863789	0.123589044756202	4.13360976995619	3.57109614702943e-05	0.0017784790094694
PGM2	183.296249247653	1.47414400478066	0.261165100059076	5.64449080082753	1.65670839000443e-08	2.8110103287145e-06
PGRMC1	12540.1562047621	0.662908122645807	0.142878018689354	4.63967885841911	3.489510129589e-06	0.000266591266025983
PHKG1	563.324910424545	0.840578530714127	0.236465796081652	3.55475736720873	0.000378328040574699	0.0106987650543915
PHYH	34120.5819759788	0.530621363723042	0.169719099478887	3.12646817802054	0.00176919650283791	0.0333973031945805
PIGR	627772.441067288	1.91313552458009	0.188782923980253	10.1340496494281	3.90148754675338e-24	6.32561180913614e-21
PLEKHF2	1265.61077197524	0.664641457753922	0.184793144161301	3.5966781168774	0.000322306911561106	0.00962583595368349
PLEKHH3	98.7033146919728	0.713214303831101	0.229248455268128	3.11109753388275	0.00186393363674846	0.0345528051158156
PLS1	54.3633358533411	2.30829655065693	0.601900496921965	3.83501353207256	0.000125557381559	0.00472199307141476
POLR2K	136.075349016372	0.510599500718539	0.169789323104339	3.00725329121411	0.00263620007923947	0.0437129904048436
POLR3F	835.155840594512	1.67960292170998	0.391139057359994	4.29413245776712	1.75377751429301e-05	0.00101150677820409
POU2AF1	6.64426350182853	2.27488309141999	0.707969721001929	3.21324913189867	0.00131242394615553	0.0269730848201429
PPA1	9127.58237942125	0.375353030778489	0.111747873779394	3.35892771901405	0.000782455304646339	0.0183562504909958
PPID	925.952738214036	0.447233998956837	0.138157588758909	3.237129447426	0.00120738629866202	0.0256078210320876
PPM1L	187.871335668929	1.68052554506972	0.248424081207162	6.76474493496595	1.3354425619364e-11	4.9966097086605e-09
PPP5C	1830.05861626996	0.321968242960054	0.108403822293187	2.97008201509043	0.002977202527616	0.0469150532213527
PRDX3	2932.8993730487	0.388270224445065	0.130808300416385	2.9682384314232	0.00299511899293325	0.0469943831665398
PRIM1	18.4927388684898	1.45325573233886	0.410059284782801	3.54401372257334	0.00039408473338753	0.0109637806882904
PRKAR2A	1323.73365330594	0.497445392248076	0.156529324388199	3.17796933061815	0.00148310438130806	0.0294041564294119
PRLR	178.174326124751	1.29522507712012	0.217898513725165	5.94416664426533	2.778668143294e-09	5.96269493337442e-07
PRPS1	500.045420594234	0.699619875278985	0.123432313419219	5.66804474370363	1.44436252309896e-08	2.47954563965413e-06
PRR16	268.677821491273	0.5757832940177	0.187197203235588	3.0758114120598	0.0020993057886596	0.0372665085986872
PRSS12	54.9608918974139	4.43484895650791	1.50373245895376	2.94922739088409	0.00318569485915763	0.0487558495108633
PRUNE1	1904.43135116159	0.305841031794477	0.0817409232475388	3.74159013188887	0.000182859572215875	0.00620380332022364
PSMA4	778.265913515352	0.417651423083086	0.134876329609616	3.09655092403486	0.00195786229981184	0.0355905548321411
PSMD1	1802.56102485839	0.428913435693514	0.124979371837361	3.43187383156055	0.000599426355952329	0.0149518451043699
PSMD8	2034.75926781555	0.348561102131654	0.111871232689818	3.11573488331982	0.0018348715508977	0.0343020174687336
PTGDS	824.979824615635	2.10778013987867	0.384696593663767	5.4790714932114	4.27563587879557e-08	6.30202815589746e-06
PTPRM	192.894606782671	1.6106415046784	0.39084009911658	4.12097302277568	3.77275605895757e-05	0.00185360459300703
QDPR	10191.4015496651	0.682312991262271	0.201657757845413	3.38351967488064	0.000715630798249236	0.0171188272263162
QNG1	520.888463960917	0.722769772440867	0.172466167035972	4.19079164837075	2.77982840944993e-05	0.00144353224735564
RAB11A	1028.26164349982	0.342898555791965	0.110745574402866	3.09627321579987	0.00195969702712954	0.0355905548321411
RAB25	7.52407719096035	3.00450156243741	0.69353156267152	4.3321771122628	1.47642094858344e-05	0.000897663936738731
RAP1A	692.682147686858	0.748773800790786	0.156782717107478	4.7758695257047	1.78932385192778e-06	0.000150056400272012
RAP1GAP2	660.641443015507	0.65638896503375	0.222870397299605	2.94515993593965	0.00322787761308586	0.04921754454561
RARB	113.228381310882	1.21035136238061	0.249929654619695	4.84276811498155	1.28042686545774e-06	0.000114625698286867
RASGRP3	122.121054048054	1.53190318811965	0.390436100210982	3.92356953491709	8.72465682654092e-05	0.0036394258535039
RBIS	164.572646697817	0.802027715144111	0.1992052046271	4.02613835640217	5.6700334512029e-05	0.00255361506543064
RD3	5.24685135778536	3.6414242230083	1.17615662792511	3.09603681733465	0.0019612600778744	0.0355905548321411
RDX	704.174509279681	0.665710651452183	0.173147431157295	3.84476192919907	0.00012066953254686	0.00458544223678069
REN	131.147068449722	4.0552254852902	0.564867425258629	7.17907477747276	7.01847533720442e-13	3.58850544675603e-10
RETREG1	801.02376947788	0.881374631896997	0.271227145950978	3.24958119072748	0.00115575081020513	0.0247684107866602
REX1BD	339.374856824417	0.501982217411196	0.166530982543088	3.01434729889565	0.00257532815415525	0.0431448776411405
RFK	1753.99305082469	0.554881744550834	0.155817020605791	3.56111124698409	0.000369288567485708	0.0105042081418157
RGN	10304.8452027172	0.730795403275279	0.103354671761241	7.07075346302184	1.54094696052907e-12	7.15416185558467e-10
RNASE4	12902.7527081139	0.589381028648838	0.163945501605434	3.59498139855826	0.000324414755339591	0.00962583595368349
RNF115	1093.12621157185	0.306292681937171	0.102152656468656	2.99838195623577	0.00271417277135345	0.0444004586094053
RPH3AL	69.9626777903756	0.764751103738935	0.225016315669951	3.39864734458037	0.000677199743484475	0.0163604282399428
RPL26L1	7003.24465083917	2.34012236464496	0.42849689166493	5.46123533254206	4.72832763751902e-08	6.83126305808688e-06
RRAS2	236.89448327107	0.699391823782293	0.165128416961389	4.23544194665068	2.28102630847239e-05	0.00122173251402734
RTN3	1620.68545552887	0.586923541987424	0.107280406386683	5.47092951784604	4.47681325380921e-08	6.5325658999584e-06
RTN4	1029.1012569226	0.89550918729677	0.204695764506256	4.37483007748995	1.21527105974674e-05	0.000777773478237915
S100A11	128.298320808043	1.45974891847336	0.488005626962242	2.99125427622641	0.00277834039747728	0.0450093590888012
SALL2	93.9046237362208	3.37741055556025	0.423658020324952	7.97202081284742	1.56100507945219e-15	1.26545478440924e-12
SAR1B	1548.19949774431	0.773896218235589	0.211887880338509	3.65238548330006	0.000259815471667589	0.00820611983241009
SCN4B	21.3221860909893	1.43559697890067	0.438602096860038	3.27311927867683	0.00106367580091311	0.0231285866188247
SCTR	23.2113691715717	1.54369770571856	0.415280838708258	3.71723797929196	0.000201412702217415	0.00671007796976373
SDHAF3	111.084213175229	1.05617698021663	0.219044721046325	4.82174131004629	1.42310426735688e-06	0.000126068534713081
SDHB	3944.23152534016	0.486906593039186	0.132591545414625	3.67222956423494	0.000240443540923637	0.00769419330955637
SDHD	4529.76144998566	0.570544907114679	0.17252732628163	3.3069828380887	0.000943066695396503	0.0212692878195143
SELENOI	1553.40874343554	0.582260062112682	0.162446202445594	3.58432547727725	0.000337950446450856	0.00994228410203809
SEM1	629.38642338628	0.312146217814437	0.100459124734227	3.10719627152085	0.00188870956073092	0.0347874780874656
SERINC1	3231.80652140675	0.541816758043045	0.170576354779355	3.17638841997709	0.00149121142363232	0.0294506230286947
SERTAD4	325.569155494923	1.01421216192713	0.167079178875928	6.07024866144618	1.27712347003293e-09	3.21306649564147e-07
SETD7	1597.59798499594	0.533560759448048	0.177785202647945	3.00115392901748	0.002689585671858	0.044196434824045
SH3YL1	36.6191749365986	1.44796474536185	0.428974157147612	3.37541253065182	0.000737051173226685	0.0175163692503645
SHCBP1	17.8835200959913	1.41975622273502	0.395652773154462	3.58838941381752	0.00033272706844289	0.00984818130368893
SHKBP1	170.272826490395	0.912358071465549	0.270655943079021	3.37091460503853	0.000749190772336442	0.0177470645291126
SHMT2	6125.53628196105	0.51715367335801	0.164184172968767	3.1498387695164	0.00163360589377113	0.031531186775011
SHOX2	21.3613876600876	4.79126251487661	0.80232390624235	5.97173096501173	2.34749421920123e-09	5.19009631008854e-07
SKAP2	265.870622939916	0.831521825760796	0.160202312857188	5.19044832081829	2.09788344455728e-07	2.48880611568942e-05
SLC18B1	277.754840913066	1.63290172968222	0.309227557894914	5.28058281997342	1.28773598564094e-07	1.64830206162041e-05
SLC25A20	1633.56836176808	0.553418757206277	0.143188633309778	3.86496291230741	0.000111106080963714	0.00427773069504621
SLC25A4	562.81573184437	0.866230945537405	0.235061550221645	3.68512393762662	0.000228591376854804	0.00740750876847035
SLC25A40	869.46683895013	0.799726398691299	0.252579070195428	3.1662417557897	0.00154422394225452	0.0301727216301002
SLC27A3	33.7717478130073	2.90047183855811	0.703022701301747	4.12571576022719	3.6958350440644e-05	0.00182812288010128
SLC27A6	34.6538956093879	3.10058270262942	0.718244217486736	4.31689198066768	1.58241547644457e-05	0.000945321331663791
SLC2A12	51.5012996281953	2.47328442863115	0.502455345641283	4.92239648774062	8.54907862617565e-07	8.31654368754367e-05
SLC30A9	1586.74956217458	0.642797684848583	0.159795738883719	4.02262093682196	5.75540849430526e-05	0.002584089869197
SLC39A10	210.402958379089	1.53640762538715	0.265905964482635	5.77801114155709	7.55888041841417e-09	1.47065577420666e-06
SLC41A1	89.5940947619916	1.12987228195309	0.248990873937023	4.53780600102986	5.68425146309765e-06	0.000414722986747604
SLC45A3	479.91996226695	1.20810958362851	0.280957248489611	4.29997656270892	1.70816173542532e-05	0.000996090829459284
SLC51B	36.0556070066322	2.1526212676559	0.617825441678734	3.48419006800186	0.00049362880350485	0.0129784351364735
SLC5A1	431.248200518604	1.0435042578727	0.268877636176029	3.88096337320348	0.000104043510769527	0.0040996348252377
SLC5A6	1499.90523871257	0.82481940658074	0.210265573326857	3.92275061261959	8.75437551110108e-05	0.0036394258535039
SLC5A8	747.271890307379	3.64149485859713	0.538927339062463	6.75693102697666	1.40945243677072e-11	5.14168248933958e-09
SLC9A7	551.447866719814	1.65383304458124	0.226589788565686	7.29879777482476	2.90350323401133e-13	1.69471676762773e-10
SNAP29	1390.33570224977	0.404278523644616	0.134982338443635	2.99504756182181	0.00274402050844502	0.0446385142243364
SNX10	662.42849035498	0.895740059085695	0.224631207857126	3.9876029142639	6.67442542142364e-05	0.00293426847497134
SNX3	965.916193264784	0.393985619346334	0.133062117789013	2.96091499138056	0.00306726586719662	0.0477159312730629
SNX30	578.534587261483	0.592796197853988	0.158866320395036	3.73141516955856	0.00019040712848201	0.00640189128757945
SNX9	2284.7684977146	0.324063770202776	0.103120216772153	3.14258232135804	0.00167464615337476	0.0321109548883634
SORD	10372.564486451	1.6289667032862	0.32096413528643	5.07522967272498	3.87028230338186e-07	4.21456413216031e-05
SPP2	4964.97138005123	0.737071091931786	0.224434756785608	3.28412186458212	0.00102300676547874	0.0225925979162097
SRA1	628.151540686903	0.561180789324905	0.164075216133943	3.42026542794119	0.000625600628078448	0.0153682901766342
SRD5A1	2687.19373657917	1.86771578242631	0.387887288637105	4.81509922376881	1.47126765901215e-06	0.00012932974506208
ST3GAL1	930.018376558668	0.932043866928931	0.247302757993372	3.76883733320074	0.000164009723587151	0.00575295645813391
ST6GAL2	734.896856749064	0.737383469547082	0.218273533263395	3.37825414983899	0.000729476276267425	0.0173925001135616
ST8SIA1	69.9616158194957	0.64687945889548	0.218249392531304	2.96394620572745	0.00303721376270614	0.0474507743312719
STK32A	28.8082390124006	2.76985001274405	0.723760548686607	3.82702541299113	0.000129701128813781	0.00480702711757109
STRADB	427.570601767482	0.780931278693273	0.202783402278746	3.85106113181693	0.000117607134647701	0.0044924693947101
STRBP	675.269007533516	0.779156061285083	0.203319911702541	3.83216800932413	0.000127018944312125	0.00476467978252576
STX17	524.898238537827	0.407290556738184	0.138589150349453	2.93883435832602	0.00329449092493603	0.0499202612426444
SUCLA2	4086.4893267321	0.398752044179466	0.132517750819238	3.00904627277735	0.00262069198090048	0.0436044896069553
SUCLG2	2150.67206309249	0.816269830890866	0.250874954381532	3.25369199529371	0.00113915717553946	0.0244809742348628
SULT1C4	1494.22186338597	1.33504046555535	0.23771139373724	5.6162241303043	1.95175461160334e-08	3.16444481027955e-06
SULT2B1	1194.28486415611	1.38976765173243	0.346531392066088	4.01051011120917	6.05877055700555e-05	0.0026954140234093
SUOX	4253.9113303804	0.653823486827484	0.159341962215566	4.10327246970234	4.07347044742591e-05	0.00196821459499466
SVIP	40.3747305718452	1.44546165211039	0.483298476382808	2.99082600658868	0.00278223971341137	0.0450093590888012
SYCE1	66.3068242068358	3.77033500291496	1.05848603965074	3.56200730258003	0.000368030144593056	0.0104888591209021
TACSTD2	42.9114150416038	1.27774503849035	0.409752478499977	3.11833388578374	0.00181876634760151	0.0341562915626785
TALDO1	2537.81831633264	0.740690164289411	0.151175074807409	4.89955215985851	9.60553480796262e-07	9.21823180853824e-05
TANC2	180.936064091367	1.1603021746546	0.372993744741034	3.11078185898313	0.00186592724994947	0.0345528051158156
TBCE	304.020416140873	0.806091836030246	0.186883125110237	4.31334736913648	1.60801165343824e-05	0.000949963807569669
TCFL5	33.2529126401972	1.66639986186163	0.471028120485074	3.53779273336279	0.000403486650605542	0.0111663621948747
TENT5C	261.882523451676	1.26989806946141	0.299666693759963	4.23770173964885	2.25819482487776e-05	0.00122173251402734
TFRC	581.811210161589	1.24491825989961	0.3038688019109	4.09689396236419	4.18730588051007e-05	0.00200990682264483
THEM4	560.417862620488	1.93750028177439	0.559923418305247	3.46029513757209	0.000539583631587735	0.0138376174905593
TIMM23B	938.038036265397	0.441023906890748	0.141703024270119	3.11231118151757	0.00185628717630625	0.0345528051158156
TIMM8A	983.305050098745	0.558412617930263	0.170395411811929	3.27715759475144	0.00104857825153895	0.0229054698300246
TKFC	4505.53644666574	1.28004906735296	0.233526288046899	5.4813917441958	4.2199290928784e-08	6.28338829829404e-06
TLCD4	32.2511568592749	1.54168730101211	0.479701854881414	3.21384477738412	0.00130970454297469	0.0269551603541421
TMBIM6	17464.683322631	0.404587344797992	0.109138609782616	3.70709637591917	0.000209649175288661	0.0068900918148922
TMEM185A	315.104883522494	0.588805261053829	0.156966441611741	3.75115378171246	0.00017602269131913	0.00602939697588908
TMEM54	28.2429196682867	2.08963533706551	0.555097411821217	3.76444799158698	0.000166917402915899	0.0057991874841638
TNFRSF17	28.8912552934242	2.67208548847843	0.498609022171366	5.35907969904336	8.3646951074639e-08	1.14072552344031e-05
TNFRSF21	142.41651560308	0.730317888547163	0.218314023063584	3.3452632968724	0.000822044924021515	0.0191294678666024
TPMT	1056.3721908274	0.522163559027687	0.159297374302827	3.27791692306896	0.00104576168701209	0.0229051880516629
TPP2	1150.20270538412	0.44198219688644	0.149384884879614	2.95868084138915	0.00308958902321247	0.0477949006750985
TRIM16	105.431202380854	2.44031368369779	0.429773708513665	5.6781362734761	1.36170216130337e-08	2.42316560216326e-06
TST	2113.78238036538	0.952174003015697	0.264275913379953	3.6029541657349	0.000314621022586856	0.00947698287668371
TSTD3	770.712276613778	0.533643554936315	0.162361900388599	3.28675356508568	0.00101349483852283	0.022441451720372
TTC39C	104.017093131044	2.95005787412263	0.75939009978531	3.88477262866167	0.000102425699394099	0.00406140164553991
TTLL11	22.6692670298234	2.10597566927333	0.448673383720577	4.69378337491239	2.6819803713609e-06	0.000217419208771657
TTLL7	35.0520404051142	1.55545065561773	0.496626376926712	3.13203391499939	0.00173599820430469	0.0328982932431351
TTN	412.051222309126	1.22228142045597	0.374006259932894	3.26807743986767	0.0010828073401412	0.0234774512739085
TTPA	5347.06410344145	0.67541008262282	0.198100753602833	3.40942712402262	0.00065099468282072	0.0158851411567223
TUBA1C	509.565153009191	1.43819270342219	0.23976125061529	5.99843677713314	1.99226056403119e-09	4.68888163715213e-07
TUBB4B	1498.70513271302	1.01179400876909	0.268015715434784	3.77512940660113	0.000159924619835674	0.00565041174973889
TUBG1	155.661444382334	0.817713018847006	0.260093496602635	3.143919511745	0.00166701283919768	0.032091096767246
TXN	2362.59397316069	0.76863335737754	0.210299266830461	3.6549502476259	0.000257231856956584	0.00814214155468649
TXNL1	992.949773920748	0.486775129465315	0.135408322716634	3.59486861442025	0.000324555324096236	0.00962583595368349
UBE2K	882.62166697988	0.429608770841776	0.113141312229443	3.79709906466843	0.000146399294218223	0.00527471234872174
UBE2R2	1267.23581830116	0.501127045095444	0.147618428470529	3.39474583415911	0.000686923388163907	0.0165133213839996
UGT2A2	1542.91830822019	2.18537034692695	0.556045714794825	3.93019906237984	8.48755637405524e-05	0.00355892018994868
UPB1	10433.8289690142	0.590473737618896	0.157688894979543	3.74454864241073	0.000180718363709206	0.0061613139328148
UROC1	24832.8397767025	0.440618435809985	0.120763558233991	3.64860428305901	0.000263668873328894	0.00827409935401124
UTP20	380.269092583895	0.717181720294751	0.211455741704488	3.39163985103333	0.000694756968081984	0.0166741672339676
VAMP8	745.317429068902	0.382202433317464	0.106982144397452	3.57258153190063	0.000353479378141974	0.0103159421716954
VAPA	1158.89992836113	0.460774717568311	0.132827679688883	3.46896609688256	0.000522465381134263	0.0136139550741271
VAT1	717.468220530385	0.873105624803487	0.292263205956689	2.98739494746004	0.00281365975931657	0.0451671322419664
VDAC1	1969.34508870778	0.600539601149355	0.154933775197978	3.87610513189891	0.000106141837565988	0.00416349917678198
VDAC2	2307.32781208585	0.409480507230485	0.127153585790278	3.22036146039849	0.00128029057278887	0.0265369318723511
VKORC1L1	402.470112333119	0.547630602938546	0.183417678658671	2.98570239762795	0.00282927839120111	0.0453181452079107
VWA8	3828.24618124969	0.674437017679043	0.214694491818781	3.14138016287963	0.00168153607748636	0.0321585510389003
XYLB	1725.44312350796	1.07146808944751	0.243213187583272	4.40546871694881	1.05555385367655e-05	0.000696952119133401
YWHAB	1323.88537938706	0.38653212175314	0.0852874395033416	4.53211075398735	5.83972163306051e-06	0.000423946358555318
ZBTB10	258.191990639112	0.994233037071427	0.321149014895407	3.09586201718611	0.001962416580617	0.0355905548321411
ZBTB46	91.483309596198	0.799706483133557	0.268276760969551	2.98090106740301	0.00287401624170356	0.0459338937556827
ZFYVE9	570.874007451077	0.42639508897319	0.131628079084223	3.23939308344961	0.00119784365728986	0.0254424085111698
